push_on_N_z_f_x = [, 14.7566, -0.4877, 1.81, -0.0353, 3.8627, 1.9103, 1.91, 1.9089, 1.9082, 1.9065, 1.9053, 1.9045, 1.9042, 1.902, 1.8985, 1.8992, 1.8985, 1.8972, 1.8961, 1.895, 1.8936, 1.8924, 1.8915, 1.8897, 1.8892, 1.8887, 1.8868, 1.8857, 1.8844, 1.8832, 1.8815, 1.8809, 1.8796, 1.8771, 1.8768, 1.8761, 1.875, 1.8739, 1.8728, 1.8701, -0.036, 3.7766, -0.0369, -0.0363, 5.6766, 1.6554, 1.5817, 7.6887, 8.4476, 1.4254
push_on_N_z_f_y = [, -8.0469, -10.0168, -10.1036, -7.4821, -12.7531, -10.1032, -10.1045, -10.1166, -10.1143, -10.1189, -10.1236, -10.1221, -10.1225, -10.1241, -10.1217, -10.1371, -10.1369, -10.137, -10.1395, -10.1407, -10.1441, -10.1439, -10.1513, -10.1524, -10.1542, -10.1527, -10.1557, -10.1558, -10.1584, -10.1591, -10.1629, -10.1632, -10.1667, -10.167, -10.1694, -10.1717, -10.1757, -10.1759, -10.1793, -10.1796, -7.473, -12.897, -7.4817, -7.4779, -15.6204, -9.3105, -8.7331, 18.1098, 21.4254, -7.3329
push_on_N_z_f_z = [, -5.5938, 6.091, 5.1693, -0.09, 10.3459, 5.122, 5.1207, 5.1236, 5.1251, 5.1208, 5.1238, 5.1228, 5.1241, 5.1224, 5.1175, 5.125, 5.1241, 5.1231, 5.1231, 5.123, 5.1239, 5.1225, 5.1252, 5.1239, 5.1244, 5.1243, 5.1246, 5.1224, 5.1228, 5.1218, 5.123, 5.1217, 5.1227, 5.12, 5.1213, 5.1217, 5.1228, 5.1218, 5.1226, 5.1195, -0.0936, 10.3419, -0.0879, -0.0912, 15.5627, 5.1763, 5.4906, 32.2694, 35.2712, 5.4601
push_on_N_z_t_x = [, -0.1092, 0.7373, 0.7343, 0.0239, 1.4442, 0.7346, 0.7348, 0.7348, 0.7355, 0.7348, 0.7352, 0.7355, 0.736, 0.7359, 0.7352, 0.7358, 0.7362, 0.7364, 0.7365, 0.7367, 0.7369, 0.7371, 0.7372, 0.7371, 0.7375, 0.7381, 0.738, 0.7381, 0.7383, 0.7385, 0.7385, 0.7388, 0.7389, 0.7386, 0.7391, 0.7395, 0.7396, 0.7398, 0.74, 0.7397, 0.024, 1.4566, 0.0238, 0.0238, 2.1744, 0.7261, 0.7397, 1.6006, 1.6688, 0.7012
push_on_N_z_t_y = [, 0.0766, 0.0064, 0.0164, -0.0001, 0.0338, 0.0169, 0.0169, 0.0169, 0.0169, 0.0169, 0.0168, 0.0169, 0.0169, 0.0168, 0.0168, 0.0168, 0.0168, 0.0168, 0.0168, 0.0168, 0.0168, 0.0168, 0.0168, 0.0168, 0.0168, 0.0168, 0.0168, 0.0168, 0.0168, 0.0168, 0.0168, 0.0168, 0.0168, 0.0168, 0.0168, 0.0168, 0.0168, 0.0168, 0.0168, 0.0168, -0.0001, 0.0337, -0.0001, -0.0001, 0.0507, 0.0138, 0.0237, 0.0797, 0.1113, 0.0134
push_on_N_z_t_z = [, -0.3682, -0.2756, -0.277, 0.0013, -0.5545, -0.2768, -0.2769, -0.2769, -0.2771, -0.277, -0.277, -0.2772, -0.2773, -0.2773, -0.2771, -0.2772, -0.2774, -0.2775, -0.2775, -0.2776, -0.2776, -0.2777, -0.2777, -0.2777, -0.2779, -0.278, -0.278, -0.2781, -0.2781, -0.2782, -0.2782, -0.2783, -0.2784, -0.2783, -0.2784, -0.2786, -0.2786, -0.2787, -0.2787, -0.2786, 0.0013, -0.559, 0.0014, 0.0014, -0.8397, -0.2574, -0.2708, -0.6388, -0.698, -0.2437












 scan_on_m_x_f_x [-2.2308  1.9339 -2.138   2.9253  2.6839  3.4676  3.6782  2.8883  4.1798
  2.9177  3.5642  3.8929  3.313  -0.7329  2.2005 -1.9143 -1.4987  3.218
  2.6787 -1.2479  4.3417 -1.705   2.3369  5.0051 -2.353  -1.9762 -0.7474
  3.5667 -1.3426 -1.4877  3.2299 -1.4755 -1.2751  4.3286 -1.7921 -1.4525
  2.5953 -1.462  -1.2904  2.339  -1.2119 -0.9682  1.2195  4.4058  0.6611
  2.0502 -1.8796 -1.296   2.2072  3.0708 -1.3442  2.9601 -1.265   2.5658
  3.4563  2.7611 -1.6051  3.4073  2.8549  2.3432  3.937   3.8707 -1.076 ]
scan_on_m_x_f_y [-3.6007 18.8281 -3.3548 22.2059 21.2197 24.2052 24.1588 21.7478 25.3371
 21.0822 23.4533 26.6357 22.8246 -3.3379 21.7137 -3.3607 -3.548  22.0641
 19.4521 -3.9951 26.28   -3.3881 19.329  23.7009 -3.6217 -3.3798 -3.1904
 26.7284 -3.9714 -3.5949 22.2848 -3.5936 -3.9763 26.1543 -3.3266 -3.5929
 22.3685 -3.5836 -4.0015 20.1508 -4.0138 -6.7017 20.7606 24.596  22.6233
 24.6955 -2.8348 -3.485  21.1981 26.9788 -3.6082 25.8923 -3.5819 23.8087
 21.7587 28.092  -3.0409 26.3319 23.959  21.5801 27.4681 27.3117 -7.5098]
scan_on_m_x_f_z [ 0.7682 23.2688  0.8465 27.0879 25.7566 28.8254 28.7096 25.8816 29.9375
 25.5257 27.9138 31.5281 27.1508  1.0538 26.3713  0.915   0.5202 26.7142
 24.1182  0.4428 31.093   1.1411 23.9966 28.1457  0.6906  1.1602  1.1286
 31.8968  0.4206  0.6086 26.9197  0.5987  0.4457 30.9886  1.1171  0.6008
 27.0324  0.5535  0.4713 24.5838  0.4292  6.052  24.836  28.4888 27.0925
 28.9938  1.1536  0.5147 25.4285 31.3265  0.4902 30.0041  0.4814 28.0189
 25.874  32.557   0.6782 30.5605 28.2609 25.889  31.8453 31.6202  0.1787]
scan_on_m_x_t_x [-1.170e-02  5.233e-01  1.000e-04  5.834e-01  5.313e-01  5.320e-01
  5.295e-01  4.617e-01  5.557e-01  5.425e-01  5.210e-01  5.944e-01
  4.990e-01  3.500e-02  5.694e-01  1.100e-02 -3.100e-02  5.646e-01
  5.829e-01 -2.990e-02  5.765e-01  3.260e-02  5.672e-01  4.927e-01
 -2.740e-02  3.380e-02  3.780e-02  6.263e-01 -3.200e-02 -2.350e-02
  5.694e-01 -2.560e-02 -3.120e-02  5.754e-01  2.880e-02 -2.640e-02
  5.725e-01 -3.050e-02 -2.930e-02  5.199e-01 -3.050e-02  7.240e-01
  5.346e-01  5.264e-01  6.359e-01  6.047e-01  2.380e-02 -3.800e-02
  5.958e-01  5.934e-01 -3.740e-02  5.676e-01 -3.800e-02  5.956e-01
  6.245e-01  6.145e-01 -3.350e-02  5.824e-01  6.158e-01  6.197e-01
  6.015e-01  5.903e-01  3.350e-02]
scan_on_m_x_t_y [-1.000e-03  5.400e-02 -6.800e-03  9.880e-02  8.650e-02  3.740e-02
  5.540e-02  2.460e-02  8.520e-02  8.060e-02  5.400e-02  2.940e-02
  4.880e-02  3.200e-03  7.770e-02 -5.800e-03 -8.000e-03  8.840e-02
  9.300e-02 -6.500e-03  6.980e-02 -1.000e-04  6.160e-02  9.230e-02
 -1.120e-02 -4.700e-03  2.400e-03  7.680e-02 -7.400e-03 -7.600e-03
  7.950e-02 -7.600e-03 -6.700e-03  6.510e-02 -2.700e-03 -7.500e-03
  1.051e-01 -7.700e-03 -6.900e-03  6.620e-02 -6.200e-03  7.000e-04
 -7.390e-02  6.330e-02  1.402e-01  5.920e-02 -6.100e-03 -6.900e-03
  4.270e-02  5.190e-02 -6.800e-03  3.900e-02 -6.700e-03  6.560e-02
  1.113e-01  4.010e-02 -8.700e-03  3.370e-02  5.060e-02  3.880e-02
  4.370e-02  3.660e-02 -4.600e-03]
scan_on_m_x_t_z [ 0.0145 -0.1685  0.0612 -0.2563 -0.2317 -0.2208 -0.2363 -0.177  -0.2672
 -0.2091 -0.2218 -0.372  -0.2096  0.0373 -0.2229  0.0667  0.0416 -0.2341
 -0.219   0.0271 -0.2675  0.0376 -0.1723 -0.258   0.0391  0.0646  0.0433
 -0.2907  0.0333  0.0401 -0.2236  0.0394  0.0278 -0.2645  0.0502  0.0379
 -0.3002  0.039   0.0295 -0.1512  0.0235 -0.1561  0.0142 -0.2059 -0.2884
 -0.2199  0.0667  0.0296 -0.1475 -0.2568  0.0261 -0.2185  0.0273 -0.2102
 -0.2123 -0.2375  0.0472 -0.2077 -0.1864 -0.1534 -0.2247 -0.2133  0.0026]




second:

scan_on_m_x_f_x [-1.7532  3.0477 -1.6124  3.088   2.5035 -1.6918  4.3289 -1.5892  2.4107
  3.1918 -1.4582  5.3871  2.1426 -1.7016 -1.8647  2.478  -1.2665 -1.472
 -1.8272 -1.4789  3.219  -0.7142  2.5511 -1.541   3.3504 -2.5139  2.8089
 -1.6889  2.314   4.3598  3.084  -1.4844  3.2232 -1.4964 -1.8571  3.9243
 -1.7071  4.025  -1.6858  3.9545 -1.7418  3.98   -1.747  -1.8068  4.2509
  2.5678 -1.6769 -1.2965  3.8597 -1.5402 -1.9005  2.457   3.9258  3.3456
 -1.9064 -1.5529 -1.9462  3.3313 -1.5773 -1.9309  3.1506  4.1407  3.3861
 -1.123 ]
scan_on_m_x_f_y [-3.4858 21.9851 -3.5442 21.8524 19.3054 -3.367  26.0388 -3.3854 19.3356
 21.9791 -3.5918 24.7891 21.4932 -3.5927 -3.3189 19.0738 -3.9915 -3.5902
 -3.3513 -3.588  22.2835 -3.4169 23.3658 -3.5902 18.8393 -3.4986 21.8782
 -3.5114 22.2378 26.1125 22.1353 -3.5871 22.1434 -3.5698 -3.3725 25.9973
 -3.3777 26.0647 -3.3904 26.0745 -3.3736 26.234  -3.3804 -3.381  21.716
 23.4725 -3.5747 -4.0012 33.1056 -2.3514 -1.9052 27.5545 32.5361 28.4123
 -1.8904 -2.239  -2.0027 29.4308 -2.174  -1.8663 27.8469 31.4468 28.469
 -7.4213]
scan_on_m_x_f_z [ 0.6478 26.6591  0.8934 26.4009 23.8424  1.1023 30.8878  1.1155 23.9571
 26.5891  0.5826 29.4466 26.1014  0.598   1.1014 23.6046  0.4422  0.5749
  1.0969  0.5596 26.9105  0.9573 27.9488  0.5709 23.2761  0.8775 26.5866
  0.7125 26.9524 30.9605 26.8884  0.5672 26.8335  0.5277  1.1731 30.8552
  1.1357 30.9412  1.175  30.9473  1.1465 31.1467  1.1588  0.9779 26.2376
 28.1034  0.5476  0.4572 36.7062  0.584   1.0477 30.7561 36.081  31.7453
  1.2587  0.6575  1.0584 32.7891  0.6862  1.2896 31.0697 34.8173 31.8209
  0.2177]
scan_on_m_x_t_x [-0.0122  0.5738  0.0158  0.5453  0.5524  0.0304  0.5809  0.0341  0.5646
  0.5545 -0.0236  0.5291  0.5625 -0.0237  0.0304  0.5491 -0.0294 -0.0264
  0.0294 -0.028   0.5692  0.031   0.5343 -0.0279  0.5486 -0.006   0.5531
 -0.0091  0.5863  0.5775  0.5851 -0.0286  0.5677 -0.0338  0.0337  0.5781
  0.0311  0.5834  0.0347  0.5817  0.0319  0.5896  0.0328  0.0139  0.5551
  0.5373 -0.0347 -0.0312  0.6661 -0.0543 -0.011   0.6289  0.6633  0.6448
  0.0108 -0.0524 -0.0094  0.6567 -0.0541  0.0114  0.6334  0.6451  0.6464
  0.0346]
scan_on_m_x_t_y [-4.300e-03  7.650e-02 -1.400e-03  6.480e-02  7.170e-02 -1.000e-03
  7.620e-02  1.000e-04  6.520e-02  8.800e-02 -7.300e-03  1.084e-01
  7.680e-02 -9.000e-03 -4.700e-03  8.580e-02 -6.800e-03 -7.500e-03
 -4.100e-03 -7.700e-03  8.090e-02  3.100e-03  4.050e-02 -8.200e-03
  1.064e-01 -6.100e-03  3.920e-02 -4.000e-03  9.370e-02  6.890e-02
  7.900e-02 -7.800e-03  8.920e-02 -8.100e-03 -3.700e-03  4.830e-02
 -1.600e-03  5.650e-02 -9.000e-04  5.920e-02 -2.600e-03  6.710e-02
 -2.300e-03 -3.800e-03  1.228e-01  3.490e-02 -9.100e-03 -7.100e-03
  6.800e-02 -8.300e-03 -4.200e-03  7.020e-02  6.630e-02  4.190e-02
 -3.900e-03 -8.400e-03 -6.000e-03  6.800e-02 -8.700e-03 -5.300e-03
  5.960e-02  3.770e-02  5.020e-02 -4.800e-03]
scan_on_m_x_t_z [ 0.0554 -0.2122  0.0445 -0.2024 -0.1901  0.0414 -0.2732  0.0353 -0.1828
 -0.2335  0.0385 -0.2884 -0.2195  0.05    0.0633 -0.2134  0.029   0.0389
  0.0587  0.0398 -0.2234  0.0365 -0.2116  0.0426 -0.2175  0.0471 -0.185
  0.052  -0.2902 -0.2691 -0.2202  0.0402 -0.2394  0.0405  0.0568 -0.32
  0.0421 -0.3211  0.0412 -0.3145  0.0488 -0.3173  0.0487  0.0557 -0.2589
 -0.2105  0.0452  0.0309 -0.3032  0.0452  0.0647 -0.2191 -0.2852 -0.1857
  0.0639  0.0458  0.07   -0.2277  0.0468  0.0659 -0.2039 -0.2203 -0.1979
  0.0035]





  z

  scan_on_m_z_f_x [16.2093 16.4236 16.5824 16.7124 16.1873 16.9659 11.1648 18.0037 16.749
 15.5833 19.0428 16.6462 17.4245 17.2796 17.4349 17.0498 12.2482 12.5513
 13.0048 20.1263 18.5355 17.8411 13.3347 15.3074 17.728  12.0477 19.767
 11.9945 17.9778 16.4427  8.595   5.7604 20.7888 10.5761 20.8999  8.4942
 13.6026 19.8843 12.1248 12.2442 19.6132 20.9394 11.9691 17.3348 10.1165
 21.1484 22.2297 17.5006 17.4821 19.3667 12.1407 10.3075 10.413  11.7726
  8.6734 11.6825  5.2828 12.539  19.1751 17.3226 17.095  16.9556 12.1971
 17.8075 15.8486 10.2244]
scan_on_m_z_f_y [-0.6138  0.1752  0.8227  1.3613  2.0845  2.3501 -7.1523  5.0139  3.2966
  6.9247  0.1467  2.7687  3.2358  3.0586  3.0367  2.8457 -7.7187 -8.0667
  0.4228  3.7881  2.5567  2.263  -9.2481  1.2531  2.2961 -9.2479  3.1372
 -9.2302  2.4139  1.51   -4.8445 -9.0243  3.3029 -2.487   3.3167 -4.8846
 -0.2676  2.9224 -0.9228 -1.124   2.6225  3.2342 -9.1645 -1.4491 -8.91
  3.8254  3.9333  2.1784 -1.881   2.8186 -1.1425 -9.1716 -9.1341 -9.106
 -3.2846 -1.1957 -9.2279 -0.6671  2.648  -1.8827 -1.9778  1.1454 -3.8577
  2.202   0.9365 -6.0647]
scan_on_m_z_f_z [13.3088 12.8664 12.3892 11.8807 11.5119 11.2149  2.1634 11.5948 10.5747
  1.9562 19.9206 10.9726 10.7769 10.8557 10.9984 10.9156  2.492   2.8246
 13.1128 15.023  14.8894 14.7371  3.7212 14.1006 14.832   3.9104 15.3221
  3.9439 14.8276 14.2778 10.5579  4.7369 15.5443 12.508  15.7115 10.632
 13.5239 15.4598 12.8835 12.8444 15.428  15.7499  3.8381 12.8373  3.7351
 15.4247 15.852  14.4738 13.2291 15.1423 13.1198  3.9133  3.8305  3.5884
 12.1096 12.8696  4.8632 13.3315 15.0829 13.0947 13.0672  5.8055 22.5178
 14.7982 14.2769 -2.2922]
scan_on_m_z_t_x [ 1.9079  1.8158  1.7216  1.6259  1.5473  1.491   0.4341  1.4412  1.359
 -0.2376  3.016   1.4039  1.3708  1.3835  1.397   1.3869  0.4781  0.5154
  1.6899  1.8726  1.8987  1.8912  0.619   1.8108  1.8914  0.6377  1.939
  0.6413  1.8881  1.8483  1.5928  0.7251  1.9799  1.7854  2.0018  1.6028
  1.8199  1.9817  1.7442  1.7479  1.988   2.0134  0.6326  1.6633  0.608
  1.9467  2.0048  1.8564  1.7664  1.937   1.7911  0.6306  0.624   0.6084
  1.7452  1.7512  0.7381  1.7983  1.9406  1.7556  1.7584 -0.0741  3.324
  1.9057  1.8816 -0.2347]
scan_on_m_z_t_y [0.6187 0.5791 0.5727 0.5697 0.5343 0.5584 0.1163 0.6201 0.549  0.5942
 0.5597 0.5418 0.5587 0.5533 0.5592 0.5447 0.1298 0.1327 0.4749 0.6922
 0.6343 0.6182 0.1406 0.5506 0.623  0.1269 0.6771 0.1265 0.6285 0.5692
 0.8926 0.0419 0.6942 0.3408 0.7012 0.8961 0.4703 0.6705 0.6491 0.6561
 0.6599 0.6993 0.1265 1.6111 0.1593 0.7129 0.736  0.6189 1.6066 0.6641
 0.5987 0.1671 0.1636 0.1249 0.2938 0.6138 0.0409 0.4484 0.6583 1.5937
 1.582  1.5369 0.4388 0.6231 0.5542 0.17  ]
scan_on_m_z_t_z [-2.3538 -2.3769 -2.3855 -2.3816 -2.3493 -2.3951 -1.1864 -2.5686 -2.362
 -2.0147 -2.8264 -2.3176 -2.3923 -2.3657 -2.3793 -2.3174 -1.3213 -1.3554
 -1.8678 -2.8592 -2.635  -2.5462 -1.4424 -2.2218 -2.5564 -1.3101 -2.8181
 -1.3029 -2.5828 -2.3421 -1.1128 -0.4704 -2.9271 -1.431  -2.953  -1.1081
 -1.9241 -2.8153 -1.7079 -1.7024 -2.776  -2.954  -1.3047 -2.4157 -1.0665
 -2.9851 -3.1143 -2.4998 -2.437  -2.7565 -1.7197 -1.0922 -1.0977 -1.2855
 -1.1897 -1.6639 -0.425  -1.8054 -2.7241 -2.4143 -2.3904 -2.1667 -1.9195
 -2.5655 -2.2795 -0.9764]




x+ 


scan_on_p_x_f_x [1.0793 1.3299 1.8266 1.6249 2.1855 2.278  1.7951 1.9149 1.3246 1.6262
 1.7965 0.9472 1.642  2.0774 2.3513 1.639  1.3003 1.8202 1.8227 2.2504
 1.9362 2.2138 1.4766 1.6043 2.208  1.7743 1.7387 2.4031 1.2603 2.285
 1.3197 1.0578 2.3523 2.1734 2.041  1.1343 1.6428 1.2166 2.3125 2.2928
 1.606  1.2715 1.0978 2.0023 2.1295 2.184  1.4337 1.9998 1.6864 2.1789
 0.9563 1.3816 2.1619 2.1325 2.149  0.9254 2.1566 1.7265 0.9466 1.334
 1.6999 2.1385 1.9946 1.5659 2.0863 2.1419 1.3551 0.5217 0.6439 1.7254
 1.7461 1.3717 0.5101 1.3367 1.6339 2.0721 1.9378 2.0263 1.6114 0.912
 0.6627 1.6861 0.671  1.7273 1.2297 0.8414 0.7476 1.9888 2.116  1.8668
 1.4095 1.4956 2.184  0.4772 1.836  0.8542 2.0132 0.9091 1.6247 1.6082
 1.1076 1.3137 1.2685 1.8533 0.83   1.1176 1.9433 1.5128 1.4869 0.766
 1.0418 1.4287 0.0278 1.9136 0.3467 1.2181 1.5089 1.7819 1.535  0.5171
 1.3675 2.0067 1.695  1.4371 1.9498 1.3375 1.1103 2.1672 0.393  1.2354
 1.479  1.5291 0.9263 0.1988 1.5811 1.2477 0.9787 1.4751 0.601  1.7058
 1.2262 1.5285 1.4406 0.9152 0.3025 1.6441 0.4332 1.1542 1.5553 1.3167
 1.1741 1.5372 1.3253 1.5538 0.7651 1.1332 1.2568 1.3832 1.2187 0.6564
 1.2771 1.4335 1.3304 1.5625 0.6313 1.5205 1.2651 0.9416 0.4688 1.2174
 1.5206 1.0574 0.9705 1.1377 1.2046 1.3589 0.4763 1.1177 1.2906 1.4558
 1.2708 0.7949 0.6735 0.9669 0.545  1.2446 0.6539 1.2927 0.9066 0.8946
 1.0047 1.2982 0.7966 0.2992]
scan_on_p_x_f_y [-10.4012 -10.4698 -10.2332  -8.6851 -10.1335 -10.0594 -10.0433 -10.1488
 -10.0965  -8.7192 -10.003  -10.7377 -10.0041 -10.1369  -9.978   -8.7124
 -10.3646 -10.0285 -10.0553  -9.9049 -10.1295  -9.9006  -8.5581 -10.0254
  -9.8786 -10.0225  -9.9558  -9.9979  -9.9359  -9.8971 -10.2382 -10.25
  -9.8759  -9.7992  -9.9335 -10.2039 -10.1188 -10.3317 -10.2652  -9.9737
  -8.7286 -10.0093 -10.1072  -9.8478  -9.9789  -9.8323 -10.0456  -9.895
  -9.78    -9.8025 -10.4529  -9.9847  -9.7857  -9.8053  -9.7601 -10.1992
  -9.7399  -9.7791 -10.1309 -10.0313  -9.8595  -9.7378  -9.7513  -9.9938
  -9.7698  -9.7407  -9.7306 -10.2946 -10.33    -9.814   -9.7516  -9.8577
  -8.239   -9.9267  -9.7132  -9.6896  -9.5854  -9.7281  -9.8872  -9.9408
 -10.1507  -9.8449 -10.2227  -9.7852 -10.0092 -10.1601  -9.29    -9.6486
  -9.6948  -9.5995  -8.5904  -9.8089  -9.7543 -10.2577  -9.582  -10.1008
  -9.6158  -9.7349  -9.4684  -9.7053  -9.9179  -8.5421  -8.4544  -9.492
  -9.8604  -9.8766  -9.5154  -9.6246  -9.5494  -9.7889  -9.5689  -9.6598
  -9.621   -9.4459  -9.786   -9.3459  -9.4108  -9.3803  -9.3704  -9.9502
  -9.614   -9.5701  -9.4132  -9.542   -9.4184  -9.4998  -9.6591  -9.5386
  -9.3331  -8.4775  -9.4345  -9.2067  -9.2895  -9.7984  -9.2995  -8.4573
  -9.287   -9.389   -8.1442  -9.2833  -8.4417  -9.1589  -9.2975  -9.4994
  -9.5553  -9.2137  -8.0951  -9.1187  -9.1718  -9.3206  -8.4415  -9.1433
  -9.2756  -9.3028  -9.2508  -8.4115  -8.9995  -9.244   -9.0705  -9.3512
  -9.0687  -9.061   -8.9947  -9.1079  -9.1851  -9.053   -9.0478  -9.0581
  -9.1339  -8.9566  -9.0467  -8.3336  -8.2836  -9.0043  -9.0883  -8.9837
  -8.0257  -8.9181  -8.8912  -8.9816  -8.8953  -8.7907  -8.9374  -9.0393
  -9.255   -8.9463  -8.7666  -8.8765  -8.8212  -8.208   -8.2371  -8.8307
  -8.1859  -7.9614]
scan_on_p_x_f_z [-0.9387 -1.0853 -0.8094  0.3228 -0.5094 -0.3626 -0.5964 -0.6798 -0.6845
  0.3676 -0.56   -1.273  -0.6002 -0.5628 -0.2016  0.3632 -0.9356 -0.5957
 -0.6381 -0.1839 -0.6618 -0.2139  0.1864 -0.7413 -0.2179 -0.6324 -0.5673
 -0.1173 -0.5947 -0.0609 -0.8619 -0.8996 -0.1027 -0.1076 -0.42   -0.8819
 -0.7646 -0.9663 -0.6824 -0.0308  0.3784 -0.7163 -0.796  -0.3147 -0.4232
 -0.2151 -0.8242 -0.3334 -0.4473 -0.1862 -1.1615 -0.8251 -0.1317 -0.235
 -0.0664 -0.9085 -0.0632 -0.4525 -0.8792 -0.7848 -0.5697 -0.0745 -0.261
 -0.6936 -0.2464 -0.1286 -0.5333 -1.0911 -1.0863 -0.5565 -0.4451 -0.6616
  0.1419 -0.7222 -0.4932 -0.1882 -0.1324 -0.2779 -0.6745 -0.8334 -1.0088
 -0.642  -1.175  -0.5573 -0.8129 -0.9724 -0.4082 -0.0703 -0.1197 -0.2189
  0.296  -0.6461 -0.0811 -1.2526 -0.3091 -0.9919 -0.1149 -0.7755 -0.2739
 -0.5957 -0.8077  0.2961  0.1567 -0.1775 -0.8296 -0.8132 -0.1942 -0.5571
 -0.5532 -0.8642 -0.5959 -0.6166 -0.9292 -0.0943 -0.8622 -0.3834 -0.3632
 -0.0634 -0.2971 -0.9535 -0.6159 -0.0664 -0.2741 -0.5724 -0.1092 -0.5362
 -0.6705 -0.1319 -0.5579  0.2449 -0.4517 -0.1383 -0.4604 -1.0201 -0.2226
  0.2287 -0.4573 -0.4819  0.0675 -0.0662  0.2123 -0.1197 -0.3477 -0.6524
 -0.7884 -0.0875  0.077  -0.332  -0.0917 -0.4904  0.2353 -0.0904 -0.4384
 -0.4152 -0.6166  0.2113 -0.1787 -0.4605 -0.2883 -0.705  -0.2803 -0.0601
 -0.1546 -0.0496 -0.6026 -0.0728 -0.2743 -0.4647 -0.5848 -0.196  -0.0568
  0.1737  0.1642 -0.363  -0.4296 -0.0759  0.0308 -0.289  -0.081  -0.0501
 -0.0654 -0.3243 -0.396  -0.4514 -0.6748 -0.0842 -0.3298 -0.0669 -0.3512
  0.1297  0.1364 -0.1305  0.1316  0.0361]
scan_on_p_x_t_x [ 2.580e-02  9.100e-03  3.770e-02  7.860e-02  7.830e-02  9.410e-02
  5.900e-02  5.750e-02  4.960e-02  8.360e-02  6.180e-02 -2.700e-03
  5.610e-02  7.050e-02  1.106e-01  8.290e-02  2.860e-02  5.880e-02
  5.520e-02  1.115e-01  5.020e-02  1.116e-01  6.290e-02  4.240e-02
  1.050e-01  5.440e-02  6.150e-02  1.268e-01  5.440e-02  1.233e-01
  3.360e-02  2.680e-02  1.218e-01  1.167e-01  8.120e-02  2.700e-02
  3.720e-02  1.730e-02  7.500e-02  1.281e-01  8.380e-02  3.840e-02
  3.270e-02  9.110e-02  8.420e-02  1.051e-01  3.200e-02  9.050e-02
  6.940e-02  1.067e-01  1.000e-04  3.320e-02  1.136e-01  1.014e-01
  1.184e-01  2.180e-02  1.175e-01  6.820e-02  2.450e-02  3.690e-02
  5.750e-02  1.167e-01  9.160e-02  4.010e-02  1.083e-01  1.144e-01
  5.270e-02  5.000e-04  2.700e-03  5.720e-02  6.950e-02  4.520e-02
  4.960e-02  4.030e-02  6.070e-02  1.019e-01  1.050e-01  9.350e-02
  3.860e-02  2.260e-02  7.800e-03  4.080e-02 -4.800e-03  5.050e-02
  2.490e-02  9.400e-03  5.170e-02  1.153e-01  1.152e-01  9.640e-02
  7.440e-02  3.930e-02  1.208e-01 -1.620e-02  8.550e-02  8.400e-03
  1.122e-01  2.570e-02  8.090e-02  4.170e-02  2.180e-02  7.390e-02
  5.940e-02  1.032e-01  2.080e-02  2.270e-02  1.018e-01  4.460e-02
  5.370e-02  1.550e-02  3.800e-02  3.720e-02  6.000e-04  1.069e-01
  9.600e-03  5.860e-02  6.690e-02  1.034e-01  7.440e-02  4.900e-03
  3.530e-02  1.143e-01  8.360e-02  3.840e-02  1.068e-01  4.290e-02
  2.980e-02  1.131e-01  2.930e-02  6.900e-02  5.000e-02  9.260e-02
  4.580e-02 -6.400e-03  8.280e-02  6.680e-02  4.580e-02  5.310e-02
  4.590e-02  1.009e-01  6.540e-02  9.020e-02  6.480e-02  3.250e-02
  1.020e-02  9.670e-02  4.390e-02  5.730e-02  9.500e-02  4.040e-02
  6.730e-02  9.400e-02  4.560e-02  6.640e-02  2.610e-02  6.400e-02
  7.430e-02  5.020e-02  6.150e-02  1.910e-02  6.470e-02  9.190e-02
  7.980e-02  9.400e-02  2.530e-02  9.020e-02  6.590e-02  3.900e-02
  2.600e-02  7.200e-02  9.220e-02  6.000e-02  5.850e-02  5.290e-02
  4.800e-02  8.980e-02  4.130e-02  5.700e-02  8.400e-02  8.970e-02
  8.550e-02  4.660e-02  3.900e-02  3.490e-02  1.380e-02  8.950e-02
  4.070e-02  8.400e-02  4.570e-02  5.450e-02  5.700e-02  7.920e-02
  5.390e-02  3.910e-02]
scan_on_p_x_t_y [0.0363 0.0533 0.0714 0.0174 0.0869 0.0904 0.0737 0.0787 0.0563 0.0175
 0.0743 0.0281 0.068  0.0824 0.0925 0.0177 0.0441 0.0732 0.0728 0.092
 0.0677 0.0946 0.0149 0.0703 0.0836 0.0707 0.0755 0.0996 0.0532 0.0918
 0.0468 0.0376 0.0923 0.0901 0.082  0.0463 0.0606 0.0396 0.1002 0.0945
 0.0182 0.0488 0.0422 0.0823 0.0852 0.0877 0.06   0.0834 0.0722 0.0867
 0.031  0.0642 0.0884 0.0858 0.0874 0.0325 0.0866 0.0722 0.0341 0.0526
 0.0657 0.087  0.0779 0.0553 0.0956 0.0896 0.0572 0.0181 0.0216 0.0672
 0.0724 0.0526 0.0036 0.0474 0.0655 0.0821 0.081  0.0818 0.0553 0.0378
 0.0267 0.0592 0.0288 0.0625 0.038  0.0245 0.0479 0.0843 0.0897 0.0798
 0.0154 0.051  0.0909 0.0244 0.078  0.0286 0.0863 0.0441 0.0692 0.0572
 0.0381 0.0158 0.0132 0.0845 0.027  0.0366 0.0833 0.0562 0.0628 0.0356
 0.0425 0.0509 0.0123 0.0769 0.0125 0.0529 0.0626 0.0722 0.0653 0.0163
 0.0481 0.0834 0.0727 0.0514 0.0768 0.0503 0.039  0.0829 0.02   0.014
 0.0527 0.0706 0.0417 0.0143 0.0671 0.0136 0.0417 0.0566 0.0038 0.0706
 0.0132 0.0658 0.0595 0.0305 0.0107 0.0685 0.0031 0.0502 0.0672 0.0469
 0.0134 0.0658 0.0469 0.0678 0.0352 0.0125 0.0557 0.0523 0.0521 0.0285
 0.0545 0.061  0.059  0.0626 0.03   0.0614 0.0551 0.0409 0.0244 0.054
 0.0603 0.0115 0.0111 0.0494 0.0504 0.0619 0.003  0.0476 0.056  0.0574
 0.0559 0.0386 0.0275 0.0353 0.0159 0.0622 0.0292 0.0546 0.0416 0.0102
 0.0108 0.0565 0.0094 0.0023]
scan_on_p_x_t_z [-0.1138 -0.1564 -0.231  -0.161  -0.2761 -0.2856 -0.2272 -0.2449 -0.1668
 -0.1615 -0.23   -0.0703 -0.2111 -0.2654 -0.2906 -0.1635 -0.1334 -0.2259
 -0.2248 -0.288  -0.2282 -0.2894 -0.1399 -0.21   -0.2607 -0.2185 -0.2251
 -0.3083 -0.1631 -0.2874 -0.1395 -0.1135 -0.2865 -0.2802 -0.2585 -0.131
 -0.1982 -0.1314 -0.308  -0.2979 -0.1666 -0.145  -0.1235 -0.2594 -0.2727
 -0.2743 -0.1811 -0.2661 -0.2225 -0.2717 -0.0972 -0.1896 -0.2769 -0.2693
 -0.2732 -0.097  -0.2703 -0.2229 -0.1018 -0.1636 -0.2026 -0.2726 -0.2486
 -0.1817 -0.2867 -0.2794 -0.1747 -0.0359 -0.0475 -0.2081 -0.2271 -0.1513
 -0.0325 -0.1388 -0.2003 -0.2575 -0.2515 -0.2581 -0.1901 -0.0917 -0.0592
 -0.1997 -0.0467 -0.2082 -0.1369 -0.0843 -0.1072 -0.2625 -0.2771 -0.2495
 -0.1421 -0.1758 -0.2829 -0.0298 -0.2365 -0.0883 -0.2672 -0.1152 -0.2158
 -0.1927 -0.1226 -0.1497 -0.1211 -0.2538 -0.0702 -0.1255 -0.2543 -0.1871
 -0.182  -0.0923 -0.1254 -0.17   -0.0004 -0.2365 -0.0238 -0.1589 -0.1916
 -0.2266 -0.2008 -0.0341 -0.1606 -0.2603 -0.2246 -0.1731 -0.2344 -0.1631
 -0.1259 -0.251  -0.0456 -0.1295 -0.1769 -0.2077 -0.12   -0.0082 -0.2107
 -0.124  -0.1204 -0.1761 -0.034  -0.2202 -0.1198 -0.2027 -0.1898 -0.0916
 -0.0182 -0.2131 -0.0278 -0.1496 -0.2078 -0.1579 -0.1258 -0.2035 -0.1586
 -0.2058 -0.0971 -0.1146 -0.1704 -0.1629 -0.1614 -0.0764 -0.1669 -0.1898
 -0.179  -0.1961 -0.079  -0.1914 -0.1718 -0.1215 -0.0613 -0.167  -0.1887
 -0.1043 -0.1017 -0.1504 -0.1584 -0.1861 -0.0272 -0.1421 -0.1719 -0.1803
 -0.1713 -0.1133 -0.0814 -0.1162 -0.0575 -0.1814 -0.0732 -0.171  -0.1225
 -0.0921 -0.0992 -0.1728 -0.0875 -0.0211]


.5859 0.9287
 2.2044 2.3574 1.6337 2.2365 1.5607 1.471  2.2454 1.1555 2.1596 2.1734
 1.8339 2.2463 1.8857 1.8865 1.8564 2.119  2.3048 1.835  2.3314 1.6082
 2.0655 2.1848 2.1182 2.1479 1.1106 2.2663 1.5352 1.1723 1.3973 0.7836
 1.2061 2.2089 2.1211 1.3138 1.6334 2.4461 1.2531 1.7784 1.3902 1.8971
 1.5823 1.7836 1.5373 2.1623 1.8371 0.7951 1.5306 1.4897 2.1307 0.9241
 0.7384 2.0353 1.6407 1.4097 2.325  1.5116 0.8554 1.8866 1.7103 2.0787
 1.4946 2.1429 1.3091 2.1209 2.1623 1.625  1.0274 2.0455 1.2848 1.7478
 1.0504 1.6167 0.2614 1.46   1.1347 0.7636 1.352  2.1037 1.6932 1.8381
 2.0369 1.6957 2.1929 1.5346 1.3434 0.5898 1.038  0.516  1.0694 1.2775
 1.007  1.9958 1.6934 1.4366 1.9211 1.6468 0.5458 1.6818 1.2846 1.9739
 1.9192 1.6295 0.4868 1.4022 1.9845 0.6673 1.3017 1.2697 1.5589 0.7702
 1.2825 1.8783 1.0189 1.3682 0.6777 1.536  1.0965 2.3103 1.6137 1.6829
 1.4555 0.3775 1.6206 1.2263 1.1899 1.7222 1.2099 1.3698 1.4271 1.2595
 1.664  0.4005 0.5406 1.243  1.2844 1.6688 1.7276 1.3557 0.4982 1.2305
 1.5843 1.1149 1.2808 1.1897 1.0945 1.5057 1.5174 1.5068 0.933  1.4377
 1.4192 1.511  1.4604 1.5631 1.39   1.5163 1.4888 1.2967 1.4531 1.4949
 1.2535 1.0612 1.2442 1.1824 0.9112 1.4625 1.2569 0.5608 1.3888 1.3174
 1.3608 1.2555 1.3304 1.0158 0.6855 1.1603 0.0653 1.0526 0.4684 1.062
 1.1885 0.9952 0.9345 1.2233 1.3003 1.1513 0.8019 1.3421 1.1757 1.1834
 1.0431 0.9742 0.872  0.5784 0.0899 1.904  1.9916 1.3938 2.1876 2.6906
 0.8103 1.7132 2.6855 2.2779 2.427  0.7877 2.2435 1.53   2.2139 2.4556
 2.3623 1.9441 2.5736 2.1195 1.5064 0.9052 1.8901 0.7478 2.0684 2.5633
 1.6879 0.6654 1.79   1.9151 0.6595 0.672  1.8033 1.5149 1.7407 1.6937
 1.8061 2.3414 2.3391 1.5912 2.3523 1.8685 1.2277 2.5469 1.8666 2.5701
 2.2517 1.5552 1.8069 2.369  2.0879 2.3056 2.2358 2.1966 2.2913 0.771
 1.8237 2.0226 1.4982 1.5417 1.7479 1.8679 1.7346 0.8119 1.6718 0.6092
 1.7508 1.0564 1.9222 1.4443 1.611  1.7685 1.5726 0.8318 1.9658 1.7686
 2.0387 1.0268 1.5668 1.4603 1.0105 0.6136 1.8357 0.9113 1.8149 1.3882
 1.2898 1.3842 1.6654 1.313  1.8822 1.7353 0.9746 1.0081 1.2053 1.7905
 1.5235 1.7633 1.4864 1.3436 1.5768 1.2339 1.0918 1.7191 1.1643 1.2881
 1.7761 1.6141 1.6043 1.2101 1.8254 1.4838 0.7922 1.0938 1.0691 0.8885
 1.018  1.3465 1.6877 0.2877 0.8587 0.9724 0.8139 0.3694 1.0123 1.4364
 1.1788 1.0826 0.4734 1.4068 1.1376 1.1612 1.3469 1.2636 1.3755 0.6526
 1.2765 0.5288 1.259  0.9764 0.6241 0.8862 0.7828 1.04   1.1962 0.8805
 1.1874 0.2427 0.9038 0.1533 0.9267 0.3032 1.7316 1.5035 1.4943 1.886
 2.3196 2.4998 1.1964 2.1069 1.958  2.0242 2.5587 2.0884 1.2085 0.7912
 2.6265 1.6778 1.479  0.7198 2.1719 1.9351 1.8538 1.7592 1.6734 0.5035
 0.7664 0.7454 2.2556 1.5194 1.4568 2.1275 1.4604 1.6765 2.0954 2.1493
 1.4854 1.45   0.6506 2.0137 2.0563 1.7673 1.639  2.1713 1.989  1.9125
 1.0886 1.8597 1.2727 1.5523 1.9117 0.887  0.3267 1.9191 1.8735 1.8362
 0.668  0.9715 1.7224 1.0825 1.4807 1.8291 1.2329 1.5547 1.1424 1.6898
 1.5848 0.627  1.7551 1.2436 0.4835 1.5618 1.3837 1.5528 1.2271 1.3556
 0.5639 0.8018 1.7115 0.6117 0.9714 0.8433 1.5033 0.9378 1.4633 0.4464
 1.3842 1.3718 0.6714 1.2985 1.3557 1.3091 1.1294 0.9087 0.8893 1.3191
 1.2753 1.0174 1.1722 0.1332]
scan_on_p_x_f_y [-10.1054 -10.1851 -10.4267  -9.9567  -9.9169 -10.3557  -9.9323 -10.0147
 -10.0783 -10.1011 -10.1131  -9.9609 -10.0517  -9.9627 -10.169  -10.0765
 -10.0353 -10.3256  -9.954  -10.0156 -10.2033 -10.0645 -10.1803 -10.0855
  -9.9877 -10.0206  -9.8788  -9.989   -9.9103  -8.702  -10.04    -9.8491
  -9.8625  -9.9293 -10.2035  -9.8479 -10.1444 -10.3454  -9.8768  -8.3206
 -10.0422  -9.935   -9.8655  -9.9733  -8.6991 -10.0144 -10.1109  -9.9968
  -9.9055  -9.8444 -10.0894  -9.8373  -8.6507  -9.7498  -9.8344 -10.1197
  -8.6839  -8.6511  -9.8489  -9.9916 -10.3226  -9.7376  -9.7074 -10.0506
  -9.9397  -8.6209 -10.3939  -9.6823  -9.7037  -9.8128  -9.6577  -9.7125
  -9.7574  -9.7187  -9.7227  -8.6875  -9.8819  -9.6471  -8.4366  -9.7923
  -9.8817  -9.8764 -10.1695  -9.8819 -10.0488 -10.2117  -9.6705  -9.6461
  -9.766   -9.6454  -9.601   -9.6931  -9.6911  -9.6858  -8.554  -10.3437
  -9.72    -8.1964  -9.7027  -9.8541  -9.9523  -9.6902  -9.6486  -9.5964
  -9.5294  -9.577   -8.236   -9.5434  -9.5619  -9.5336  -9.4154  -9.5011
  -9.3776  -9.3663  -9.5625  -9.823   -8.4813  -8.5065  -9.4992  -9.531
  -9.6193  -9.4175  -9.4479  -9.5542  -8.1904  -9.4506  -9.6481  -9.8731
  -9.2688  -9.3219  -9.4561  -9.5999  -9.2946  -9.322   -8.4433  -9.2706
  -8.452   -9.2534  -9.2428  -8.4599  -9.2581  -8.0898  -9.5279  -8.4254
  -8.4448  -9.2754  -9.3192  -9.2729  -9.521   -9.3476  -9.2451  -8.3867
  -9.2759  -8.4502  -8.3925  -9.0648  -9.0967  -9.0766  -9.086   -9.0334
  -9.0021  -9.1026  -9.1294  -9.1119  -8.9864  -9.1307  -9.0847  -8.9361
  -9.0143  -9.0084  -8.9956  -8.3153  -8.9514  -9.053   -8.9222  -8.998
  -8.9006  -9.2063  -8.9831  -8.904   -8.9622  -8.889   -8.9955  -9.0035
  -9.1833  -8.9307  -8.8951  -8.8224  -8.9885  -8.8607  -8.852   -8.7661
  -8.2324  -8.8199  -8.8674  -8.7735  -8.7252  -8.8345  -8.7948  -8.7855
  -8.7703  -8.8028  -8.8593  -8.9668  -7.8449  -9.068  -10.7391 -11.1665
 -10.5374 -10.3468 -11.2201 -10.6292 -10.3122 -10.4912 -10.4051 -11.3185
 -10.3826 -10.6428 -10.3127 -10.3838 -10.336  -10.2672 -10.2302 -10.5094
 -10.4901 -11.1376 -10.3003 -11.0422 -10.1528 -10.1603 -10.3518 -10.9652
  -8.9647 -10.1165 -10.8901 -11.1253 -10.2231 -10.3326  -8.9369  -8.9414
 -10.1646 -10.0087 -10.004  -10.2902  -9.9651 -10.3342 -10.7058 -10.0943
 -10.1794 -10.1381 -10.0033 -10.0466  -9.9087  -9.9743  -9.9382  -9.9177
  -9.8515  -9.8376  -9.8802 -10.2428  -9.8074  -9.8499  -9.8307  -8.7755
  -9.7966  -9.8436  -9.7655 -10.5397 -10.0267 -10.5818  -9.67    -9.9362
  -9.7314  -9.7866  -9.9339  -9.7116  -8.7715  -9.9072  -9.6481  -9.5967
  -9.6728  -9.7267  -9.5301  -9.8549 -10.1151 -10.3325  -9.4878  -9.8839
  -9.4579  -9.7592  -9.2799  -9.3801  -9.4321  -8.6176  -9.4278  -9.4527
  -9.6303  -9.6138  -9.3689  -9.4022  -9.3797  -9.387   -9.5     -9.129
  -9.356   -8.5688  -9.4197  -9.3348  -8.5098  -9.4531  -9.3065  -9.2292
  -9.1899  -9.4184  -9.3793  -9.1877  -9.2471  -8.4145  -8.4127  -9.1614
  -8.4205  -9.1814  -9.285   -9.1368  -9.1542  -8.4127  -8.8726  -8.0577
  -8.3932  -8.997   -8.9758  -8.8954  -9.2338  -8.9704  -8.9765  -8.9372
  -8.9585  -8.9055  -8.9556  -8.9443  -8.884   -9.0233  -8.8402  -8.961
  -8.6753  -8.2746  -8.2213  -8.6995  -8.7898  -8.5621  -8.8012  -8.602
  -8.6164  -8.8168  -8.6404  -7.9282 -10.4946  -8.9911 -10.6723 -10.2034
 -10.2605 -10.1813 -10.7493 -10.1764 -10.2352 -10.4611 -10.2239 -10.3379
 -10.8089 -11.0681 -10.2794  -9.9304 -10.1402 -10.7527 -10.017  -10.0231
  -9.9408 -10.2926  -8.9651 -10.6855 -10.5966 -10.5033  -9.8824  -8.8791
  -9.8746  -9.75    -9.9375 -10.0703  -9.7439  -9.7908  -8.8192  -9.7504
  -8.3364  -9.6794  -9.7287  -9.6939  -9.8843  -9.7576  -9.5768  -9.5772
  -9.5728  -9.6384  -9.558   -9.5212  -9.5453  -9.7065 -10.4443  -9.4836
  -9.5038  -9.4746  -9.8712  -9.5493  -9.4478  -8.5194  -8.7738  -9.4805
  -8.6454  -9.2791  -9.5957  -9.3093  -9.2547  -9.6142  -9.3515  -9.1371
  -9.4836  -9.1935  -9.2788  -9.1863  -9.2233  -9.128   -9.6369  -9.5547
  -9.3463  -9.1657  -9.0032  -9.0083  -9.1137  -9.0842  -9.0701  -9.1451
  -9.0237  -8.9524  -8.898   -8.8779  -8.9366  -8.9357  -8.9378  -8.6756
  -8.8066  -8.9087  -8.8256  -8.684   -8.7428  -7.8549]
scan_on_p_x_f_z [-6.2760e-01 -6.3420e-01 -9.8790e-01 -2.0190e-01 -5.4800e-02 -8.7680e-01
 -9.6900e-02 -5.9280e-01 -6.8470e-01 -7.5410e-01 -4.6520e-01 -9.8500e-02
 -6.5720e-01 -2.5400e-01 -7.6140e-01 -6.7620e-01 -3.8130e-01 -9.2330e-01
 -3.0940e-01 -4.2350e-01 -8.0850e-01 -4.6390e-01 -7.8070e-01 -6.4560e-01
 -5.4910e-01 -4.6730e-01 -1.3670e-01 -5.8410e-01 -1.6880e-01  3.5200e-01
 -5.2370e-01 -4.7600e-02 -2.3810e-01 -3.3770e-01 -8.7550e-01 -1.6300e-01
 -7.9190e-01 -9.8180e-01 -7.0890e-01  1.2870e-01 -7.4340e-01 -2.6600e-02
 -3.2140e-01 -6.8230e-01  3.4880e-01 -5.2100e-02 -8.6250e-01 -6.5900e-01
 -6.2390e-01 -4.0800e-01 -7.7050e-01 -5.1100e-01  3.2260e-01 -8.5800e-02
 -4.6540e-01 -8.7590e-01  3.4400e-01  3.3090e-01 -3.2500e-01 -7.4920e-01
 -1.0520e+00 -2.2290e-01 -4.3180e-01 -7.8030e-01 -9.1100e-02  2.9850e-01
 -1.1214e+00 -2.6290e-01 -4.1900e-01 -3.2640e-01 -4.7130e-01 -1.5060e-01
 -6.4160e-01 -6.2500e-02 -5.2600e-02  3.2730e-01 -7.2940e-01 -7.7400e-02
  9.5600e-02 -6.0910e-01 -7.5560e-01 -6.6780e-01 -1.1651e+00 -7.1330e-01
 -8.6970e-01 -1.0419e+00 -6.7040e-01 -1.3190e-01 -5.6810e-01 -3.4270e-01
 -4.9800e-02 -4.8890e-01 -7.1700e-02 -5.8360e-01  2.7670e-01 -1.2104e+00
 -7.7550e-01  1.1460e-01 -6.5360e-01 -7.4290e-01 -8.3880e-01 -9.8800e-02
 -4.7210e-01 -5.9040e-01 -5.4400e-02 -4.2620e-01  1.3860e-01 -3.4970e-01
 -6.2990e-01 -5.6200e-02 -6.4600e-02 -3.6590e-01 -6.6700e-01 -3.4460e-01
 -9.1600e-02 -8.4610e-01  2.2480e-01  2.5290e-01 -4.5390e-01 -5.9250e-01
 -6.4580e-01 -1.3080e-01 -5.3670e-01 -5.5930e-01  8.2500e-02 -4.1590e-01
 -6.4280e-01 -8.1800e-02 -1.0840e-01 -1.2240e-01 -4.8750e-01 -8.8210e-01
 -2.1460e-01 -4.7320e-01  2.2670e-01 -4.5800e-02  2.2080e-01 -3.4390e-01
 -3.1030e-01  2.2590e-01 -7.4600e-02  8.1700e-02 -7.1700e-01  1.9660e-01
  2.0920e-01 -4.9300e-02 -4.5600e-02 -4.1330e-01 -7.2930e-01 -4.9420e-01
 -9.2900e-02  2.0510e-01 -4.4760e-01  2.4140e-01  2.0560e-01 -1.2810e-01
 -5.4600e-02 -8.6100e-02 -4.4160e-01 -7.0200e-02 -1.0580e-01 -5.3400e-02
 -2.3540e-01 -4.9800e-02 -1.4560e-01 -3.0000e-02 -6.0700e-02 -8.5800e-02
 -8.2700e-02 -7.0900e-02 -2.3390e-01  1.5660e-01 -2.0810e-01 -3.9570e-01
 -3.4340e-01 -5.0000e-02 -1.7700e-01 -6.3430e-01 -6.6300e-02 -5.4500e-02
 -5.2700e-02 -1.8300e-01 -2.6500e-01 -4.2990e-01 -5.7820e-01 -1.3130e-01
 -5.6420e-01 -2.8680e-01 -5.3080e-01 -3.0420e-01 -2.3910e-01 -2.3750e-01
  1.3600e-01 -6.6800e-02 -5.2700e-02 -1.5140e-01 -3.2910e-01 -9.6900e-02
 -5.8600e-02 -4.7200e-02 -2.9610e-01 -3.7230e-01 -4.1590e-01 -4.8730e-01
  1.3000e-03  3.7130e-01 -7.2010e-01 -1.1889e+00 -7.3110e-01 -1.3150e-01
 -1.3084e+00 -7.7290e-01 -3.2900e-02 -6.2220e-01 -3.9810e-01 -1.3961e+00
 -5.1190e-01 -8.3150e-01 -4.5250e-01 -4.2580e-01 -4.0080e-01 -5.2030e-01
 -9.0000e-03 -5.3990e-01 -7.9780e-01 -1.3035e+00 -5.8530e-01 -1.2756e+00
 -4.2670e-01 -5.0000e-02 -6.5200e-01 -1.2388e+00  2.9480e-01 -4.8890e-01
 -1.2056e+00 -1.3670e+00 -5.8200e-01 -7.1790e-01  2.9340e-01  2.9970e-01
 -5.5050e-01 -6.7300e-02 -1.5630e-01 -7.9100e-01 -8.4000e-02 -6.2960e-01
 -1.0796e+00 -1.2550e-01 -6.5470e-01 -6.2800e-02 -2.7490e-01 -6.1120e-01
 -4.7120e-01 -4.0600e-02 -3.1570e-01 -2.3500e-02 -7.7600e-02 -5.4500e-02
 -4.1000e-02 -8.8530e-01 -3.7520e-01 -2.7900e-01 -5.0800e-01  2.3830e-01
 -4.3220e-01 -4.2840e-01 -4.2110e-01 -1.1912e+00 -5.9080e-01 -1.3205e+00
 -3.6320e-01 -6.7610e-01 -3.1640e-01 -5.2300e-01 -5.2800e-01 -4.3280e-01
  2.4040e-01 -8.4020e-01 -1.6010e-01 -2.8500e-01 -2.8100e-02 -5.8940e-01
 -3.4590e-01 -6.4240e-01 -8.6150e-01 -1.1080e+00 -2.1860e-01 -8.4720e-01
 -9.0500e-02 -6.0320e-01 -2.8190e-01 -3.3770e-01 -2.2560e-01  1.9560e-01
 -4.6100e-02 -2.0710e-01 -6.8160e-01 -5.9470e-01 -3.9620e-01 -3.2500e-02
 -3.4660e-01 -4.1500e-02 -3.7450e-01 -1.6910e-01 -2.7140e-01  1.8820e-01
 -5.9710e-01 -3.9400e-02  1.7190e-01 -4.4520e-01 -1.1160e-01 -1.0910e-01
 -1.3040e-01 -5.2270e-01 -5.7200e-02 -1.7340e-01 -4.8020e-01  1.2800e-01
  1.3490e-01 -4.3660e-01  1.5060e-01 -2.8810e-01 -4.3000e-02 -6.3620e-01
 -4.3700e-01  1.4470e-01 -3.8540e-01  2.2800e-02  1.3910e-01 -6.8100e-02
 -3.4530e-01 -2.5520e-01 -6.7080e-01 -4.9500e-02 -3.5650e-01 -3.0350e-01
 -5.6300e-02 -5.2300e-02 -5.1000e-02 -4.9140e-01 -9.5400e-02 -6.1650e-01
 -9.5800e-02 -3.5240e-01 -3.9380e-01  1.0560e-01  8.9600e-02 -1.7840e-01
 -7.9100e-02 -1.3720e-01 -4.9800e-02 -4.2180e-01 -1.6480e-01 -5.5580e-01
 -2.3110e-01 -9.7000e-03 -7.0370e-01  3.0090e-01 -8.4780e-01 -5.3400e-01
 -4.1260e-01 -5.0600e-02 -9.8010e-01 -4.5850e-01 -6.7560e-01 -6.3950e-01
 -7.7000e-02 -6.0280e-01 -1.1542e+00 -1.3816e+00 -1.1410e-01 -4.7680e-01
 -6.2600e-01 -1.1056e+00 -3.3620e-01 -4.5970e-01 -4.5860e-01 -6.3770e-01
  2.3210e-01 -1.2939e+00 -1.0437e+00 -9.8860e-01 -7.0900e-02  2.0590e-01
 -5.3380e-01 -9.9400e-02 -5.6990e-01 -5.0590e-01 -1.9520e-01 -7.1000e-02
  1.8890e-01 -4.9410e-01  3.1900e-02 -7.7800e-02 -4.9000e-02 -3.8340e-01
 -4.4280e-01 -7.0400e-02 -1.1080e-01 -1.8320e-01 -4.8450e-01 -3.2570e-01
 -4.5460e-01 -3.7370e-01 -5.8200e-02 -6.1610e-01 -1.1600e+00 -9.5700e-02
 -1.0310e-01 -8.8500e-02 -8.7170e-01 -5.4760e-01 -6.9200e-02  4.7000e-02
  1.9480e-01 -5.9700e-02  1.5580e-01 -2.0840e-01 -5.7040e-01 -2.2310e-01
 -2.1800e-01 -6.8390e-01 -8.6800e-02 -3.0700e-01 -6.3830e-01 -1.2020e-01
 -4.1630e-01 -1.1140e-01 -4.6180e-01 -3.0490e-01 -7.4800e-01 -6.5040e-01
 -7.4400e-02 -5.8180e-01 -4.1670e-01 -3.7270e-01 -7.8900e-02 -4.8110e-01
 -7.4400e-02 -5.3510e-01 -6.3800e-02 -1.1190e-01 -3.5660e-01 -1.7830e-01
 -9.8300e-02 -9.3500e-02 -2.1810e-01 -1.9870e-01 -3.6920e-01 -7.6900e-02
 -7.2200e-02 -1.7650e-01 -8.3800e-02 -6.6200e-02]
scan_on_p_x_t_x [ 0.0566  0.0565  0.02    0.1066  0.1228  0.0393  0.1229  0.0603  0.0485
  0.0378  0.0821  0.1234  0.05    0.1039  0.0424  0.0478  0.0915  0.0252
  0.0981  0.0868  0.0335  0.0881  0.0364  0.0621  0.0657  0.0791  0.1165
  0.0607  0.1123  0.0817  0.0719  0.1214  0.1002  0.0917  0.0275  0.1125
  0.0351  0.0159  0.0428  0.053   0.0363  0.1266  0.0941  0.0432  0.0811
  0.1302  0.0302  0.0523  0.0467  0.0788  0.0346  0.0675  0.0785  0.1163
  0.0704  0.02    0.0803  0.0788  0.0903  0.0349  0.0069  0.099   0.0674
  0.0327  0.1274  0.076   0.0037  0.0908  0.0707  0.091   0.0589  0.1069
  0.0455  0.1175  0.1177  0.0789  0.0343  0.1129  0.0527  0.0568  0.0301
  0.039  -0.0109  0.034   0.0186  0.0023  0.0444  0.1106  0.0542  0.0802
  0.1133  0.0553  0.1183  0.0509  0.072  -0.01    0.024   0.0475  0.0359
  0.0296  0.019   0.1194  0.0573  0.0516  0.1111  0.0589  0.0501  0.0695
  0.0426  0.111   0.106   0.0639  0.024   0.0657  0.1126  0.0156  0.0682
  0.0697  0.0611  0.0371  0.0323  0.1034  0.0412  0.0406  0.0477  0.0559
  0.0331  0.1308  0.0973  0.0957  0.0475  0.0055  0.0846  0.0483  0.0663
  0.1002  0.066   0.0635  0.0699  0.0669  0.0999  0.0436  0.0199  0.0649
  0.0668  0.1021  0.1046  0.0545  0.0175  0.0411  0.1012  0.0637  0.0445
  0.0678  0.0635  0.0868  0.093   0.0911  0.0435  0.089   0.0863  0.0944
  0.076   0.0946  0.0846  0.0961  0.0938  0.0843  0.0887  0.0897  0.0694
  0.0596  0.0707  0.0506  0.048   0.0902  0.0732  0.0217  0.0897  0.0854
  0.0888  0.0751  0.0667  0.0368  0.0235  0.0917  0.0164  0.0545  0.0254
  0.0548  0.064   0.0577  0.0552  0.0825  0.0851  0.0703  0.0447  0.0837
  0.082   0.0816  0.0513  0.0429  0.0325  0.0273  0.0342  0.0875  0.0644
  0.0181  0.0666  0.1334  0.0065  0.0573  0.1399  0.0784  0.1007  0.0004
  0.084   0.0518  0.0886  0.0953  0.0975  0.0763  0.1388  0.0792  0.0523
  0.0073  0.069   0.0056  0.0866  0.1358  0.0619  0.0062  0.0804  0.0742
  0.008  -0.0022  0.0679  0.052   0.0787  0.0792  0.0696  0.1268  0.1172
  0.0447  0.1241  0.0604  0.0146  0.1348  0.0526  0.137   0.1017  0.0563
  0.0717  0.1289  0.0938  0.1257  0.12    0.1212  0.1238  0.0269  0.0799
  0.0943  0.0606  0.0723  0.0714  0.0737  0.0719  0.0059  0.0533 -0.0065
  0.0792  0.0433  0.0846  0.0587  0.0583  0.075   0.0727  0.0236  0.103
  0.0856  0.1166  0.0471  0.0719  0.0405  0.021  -0.0034  0.1038  0.0248
  0.1042  0.0422  0.0708  0.0663  0.0856  0.0656  0.1053  0.0888  0.0333
  0.0405  0.0571  0.1045  0.0676  0.1043  0.062   0.081   0.0771  0.0637
  0.0364  0.102   0.0616  0.0509  0.1017  0.0943  0.09    0.0395  0.1056
  0.0815  0.042   0.0569  0.0573  0.0451  0.0585  0.0613  0.1017  0.02
  0.0449  0.0571  0.0437  0.0399  0.057   0.0878  0.0566  0.0604  0.0185
  0.0865  0.0513  0.0577  0.086   0.0843  0.0864  0.0322  0.0832  0.0202
  0.0798  0.0444  0.037   0.0522  0.0501  0.0636  0.0792  0.0655  0.0804
  0.0271  0.0625  0.0168  0.055   0.036   0.0607  0.0797  0.0512  0.0713
  0.0919  0.1313  0.0378  0.0817  0.0602  0.0628  0.1344  0.0635  0.0085
 -0.0119  0.1402  0.0692  0.0572  0.018   0.0929  0.0738  0.072   0.0569
  0.0728 -0.001   0.0212  0.0232  0.1189  0.0688  0.0597  0.1108  0.0582
  0.066   0.1077  0.1156  0.0667  0.0605  0.0455  0.1102  0.1124  0.0766
  0.0672  0.1155  0.105   0.0966  0.0546  0.0791  0.0577  0.0672  0.1047
  0.0424  0.0004  0.1029  0.1036  0.1024  0.0195  0.0452  0.1007  0.0493
  0.0669  0.1032  0.0609  0.0813  0.0399  0.087   0.0802  0.0298  0.099
  0.0626  0.0292  0.0899  0.0518  0.089   0.0443  0.066   0.022   0.027
  0.101   0.0291  0.0437  0.0471  0.0882  0.0374  0.0866  0.0315  0.0842
  0.0802  0.0444  0.0728  0.0809  0.0809  0.061   0.0624  0.0407  0.0802
  0.0762  0.0642  0.0723  0.0308]
scan_on_p_x_t_y [0.0701 0.083  0.0461 0.0865 0.0907 0.0552 0.0937 0.0682 0.0668 0.0427
 0.0883 0.0961 0.0672 0.0904 0.0606 0.0593 0.0888 0.0448 0.09   0.0833
 0.0642 0.0902 0.0662 0.0828 0.0777 0.0837 0.0929 0.0723 0.0886 0.0174
 0.0817 0.0887 0.0844 0.0856 0.045  0.089  0.0571 0.039  0.0588 0.0048
 0.0502 0.0915 0.083  0.0551 0.0175 0.0983 0.0513 0.0736 0.0562 0.0789
 0.0532 0.0728 0.0167 0.0877 0.0742 0.0283 0.0165 0.0163 0.0794 0.0356
 0.0268 0.0828 0.0683 0.052  0.0981 0.0164 0.0255 0.0779 0.0714 0.0836
 0.0636 0.0838 0.0593 0.0867 0.0858 0.0175 0.0403 0.0838 0.013  0.0684
 0.0404 0.0552 0.0196 0.0535 0.0389 0.0215 0.0693 0.0863 0.0672 0.0748
 0.0815 0.0614 0.0856 0.0649 0.0143 0.019  0.0465 0.0037 0.0415 0.0415
 0.0346 0.0907 0.0623 0.0685 0.0797 0.0602 0.0043 0.0636 0.0624 0.0795
 0.0729 0.0602 0.0335 0.0608 0.0851 0.0271 0.0134 0.0138 0.0656 0.0303
 0.0463 0.0791 0.0409 0.049  0.0042 0.0563 0.0389 0.101  0.0721 0.0703
 0.054  0.025  0.0682 0.0535 0.0131 0.068  0.0131 0.0576 0.063  0.0139
 0.0703 0.0027 0.0221 0.012  0.0129 0.0705 0.0727 0.0549 0.0189 0.0423
 0.0731 0.0125 0.0463 0.0136 0.0121 0.0608 0.062  0.0633 0.0426 0.0597
 0.0606 0.0634 0.0615 0.0633 0.0634 0.063  0.0633 0.0572 0.0606 0.0587
 0.0552 0.0104 0.0548 0.0505 0.0373 0.0578 0.0544 0.0184 0.0598 0.0548
 0.0579 0.0574 0.0551 0.0381 0.0244 0.0679 0.0125 0.0418 0.0225 0.0473
 0.0492 0.0448 0.0104 0.0529 0.0545 0.049  0.0394 0.0553 0.0515 0.0506
 0.0405 0.0399 0.0314 0.0214 0.0008 0.0196 0.0811 0.0481 0.0893 0.1056
 0.0274 0.0653 0.1051 0.0956 0.0984 0.0276 0.0905 0.0564 0.0908 0.093
 0.0954 0.0797 0.1021 0.0744 0.057  0.0259 0.0759 0.0264 0.0869 0.1013
 0.0661 0.0227 0.0177 0.0793 0.0219 0.0224 0.0708 0.0577 0.0183 0.0182
 0.0699 0.0962 0.0925 0.064  0.0947 0.0637 0.0316 0.1063 0.071  0.1056
 0.09   0.0618 0.0731 0.0956 0.0849 0.0907 0.0898 0.0892 0.0901 0.0301
 0.0762 0.0826 0.062  0.0158 0.0715 0.0733 0.071  0.0285 0.0605 0.0228
 0.0757 0.04   0.0739 0.0564 0.059  0.0777 0.016  0.0372 0.0808 0.0753
 0.0826 0.0397 0.066  0.0534 0.0352 0.0156 0.0889 0.0345 0.0767 0.0515
 0.0598 0.0593 0.0703 0.0136 0.0722 0.0713 0.0404 0.0374 0.0503 0.0715
 0.0616 0.0723 0.0534 0.0611 0.0655 0.0134 0.0466 0.0697 0.013  0.0476
 0.0749 0.0692 0.0656 0.0429 0.0746 0.0617 0.0329 0.0104 0.0119 0.0372
 0.012  0.0506 0.0706 0.021  0.0302 0.0108 0.0417 0.0027 0.0116 0.0581
 0.0518 0.0486 0.0211 0.0555 0.0476 0.0496 0.056  0.0543 0.0564 0.0281
 0.0579 0.0256 0.0541 0.0364 0.0368 0.0093 0.009  0.0456 0.0519 0.0457
 0.0508 0.0174 0.0444 0.0133 0.0421 0.0026 0.065  0.0213 0.0512 0.0773
 0.0927 0.0997 0.037  0.0862 0.0825 0.0695 0.1051 0.0762 0.0358 0.0218
 0.1153 0.0713 0.0582 0.026  0.0874 0.0745 0.0743 0.0609 0.0184 0.0203
 0.0221 0.0217 0.0899 0.0165 0.0599 0.0839 0.0563 0.0625 0.0916 0.0869
 0.0161 0.0586 0.0052 0.082  0.0817 0.0765 0.0614 0.0868 0.0794 0.0787
 0.0447 0.0725 0.0535 0.0654 0.0751 0.0338 0.0082 0.0767 0.0783 0.0759
 0.0254 0.0374 0.0718 0.0113 0.0167 0.0746 0.0138 0.0656 0.0425 0.0742
 0.0663 0.0181 0.0735 0.0549 0.0159 0.0669 0.0541 0.065  0.05   0.0601
 0.0201 0.0292 0.0749 0.0286 0.0443 0.0363 0.0617 0.039  0.06   0.0187
 0.0564 0.0568 0.03   0.0559 0.0563 0.0558 0.0445 0.0479 0.0379 0.0541
 0.0496 0.047  0.0467 0.0012]
scan_on_p_x_t_z [-0.2236 -0.2523 -0.1244 -0.2747 -0.285  -0.1703 -0.2923 -0.2038 -0.2028
 -0.1178 -0.2822 -0.3003 -0.2048 -0.2846 -0.1866 -0.1811 -0.2806 -0.1281
 -0.2789 -0.2592 -0.2167 -0.2729 -0.2244 -0.255  -0.2402 -0.2648 -0.2899
 -0.2214 -0.2795 -0.1612 -0.2604 -0.2781 -0.2668 -0.2704 -0.1257 -0.278
 -0.1848 -0.1257 -0.1366 -0.0419 -0.1449 -0.2881 -0.2573 -0.1569 -0.1602
 -0.3089 -0.1542 -0.2338 -0.1736 -0.2472 -0.1839 -0.2141 -0.1537 -0.2747
 -0.2311 -0.0698 -0.1534 -0.1517 -0.252  -0.1034 -0.0614 -0.2605 -0.2101
 -0.1677 -0.3063 -0.1508 -0.0635 -0.2438 -0.2201 -0.2644 -0.1911 -0.2637
 -0.172  -0.2713 -0.2689 -0.1569 -0.1193 -0.2628 -0.1216 -0.204  -0.1218
 -0.1899 -0.0181 -0.1765 -0.125  -0.0735 -0.1932 -0.2692 -0.2145 -0.2355
 -0.2553 -0.2034 -0.267  -0.1995 -0.1334 -0.0443 -0.1291 -0.033  -0.1237
 -0.1459 -0.1089 -0.2773 -0.2054 -0.2029 -0.2489 -0.1985 -0.0387 -0.207
 -0.1854 -0.2495 -0.2283 -0.1965 -0.0608 -0.1831 -0.262  -0.0596 -0.1245
 -0.1282 -0.2056 -0.0904 -0.1534 -0.2434 -0.12   -0.1627 -0.0375 -0.1857
 -0.1243 -0.3121 -0.2187 -0.2203 -0.1789 -0.0374 -0.2107 -0.1647 -0.1216
 -0.2137 -0.1196 -0.1758 -0.1875 -0.1268 -0.2178 -0.025  -0.0499 -0.1138
 -0.1207 -0.2203 -0.2271 -0.1758 -0.0418 -0.1455 -0.2232 -0.1157 -0.1537
 -0.1279 -0.1125 -0.1856 -0.1945 -0.1955 -0.1253 -0.1872 -0.1854 -0.1971
 -0.1934 -0.1979 -0.1898 -0.1984 -0.1963 -0.1764 -0.1881 -0.1828 -0.171
 -0.0984 -0.1679 -0.1556 -0.1058 -0.1812 -0.1646 -0.0475 -0.1852 -0.1712
 -0.1813 -0.1735 -0.1727 -0.1263 -0.0758 -0.1912 -0.0116 -0.1232 -0.0492
 -0.1453 -0.1497 -0.1343 -0.0934 -0.1639 -0.1704 -0.1535 -0.1157 -0.1681
 -0.1594 -0.1584 -0.125  -0.1224 -0.1043 -0.0642 -0.0069 -0.1845 -0.2443
 -0.1478 -0.2721 -0.3321 -0.0545 -0.2041 -0.3324 -0.2987 -0.3123 -0.049
 -0.2844 -0.1785 -0.2858 -0.2968 -0.3023 -0.247  -0.3228 -0.2499 -0.1672
 -0.0598 -0.2385 -0.0504 -0.2687 -0.3177 -0.211  -0.0419 -0.1681 -0.2462
 -0.0422 -0.0374 -0.2208 -0.1819 -0.1675 -0.1671 -0.2179 -0.3034 -0.29
 -0.2022 -0.2972 -0.219  -0.1302 -0.3222 -0.2333 -0.3294 -0.2847 -0.1898
 -0.2188 -0.3005 -0.2681 -0.2873 -0.2833 -0.2812 -0.2845 -0.0697 -0.2346
 -0.2623 -0.1893 -0.149  -0.2203 -0.2308 -0.2185 -0.0742 -0.1972 -0.0292
 -0.2258 -0.1206 -0.233  -0.1725 -0.1905 -0.2381 -0.1508 -0.1004 -0.2554
 -0.232  -0.2615 -0.1176 -0.2032 -0.1768 -0.1094 -0.0544 -0.2587 -0.0977
 -0.2392 -0.1683 -0.1706 -0.1788 -0.2192 -0.1278 -0.2288 -0.2262 -0.1242
 -0.12   -0.1534 -0.2265 -0.19   -0.2284 -0.1787 -0.1826 -0.2071 -0.1242
 -0.1411 -0.2212 -0.1202 -0.1546 -0.2273 -0.2163 -0.2042 -0.1469 -0.2347
 -0.1965 -0.097  -0.1016 -0.109  -0.1086 -0.1097 -0.1651 -0.2231 -0.0299
 -0.0893 -0.1014 -0.1117 -0.0252 -0.1065 -0.1807 -0.1515 -0.1452 -0.0558
 -0.1763 -0.1462 -0.1513 -0.1769 -0.1698 -0.1781 -0.0773 -0.1765 -0.0697
 -0.1679 -0.1184 -0.0979 -0.0874 -0.0832 -0.138  -0.1617 -0.1319 -0.1604
 -0.031  -0.1359 -0.0149 -0.1278 -0.0216 -0.2103 -0.1509 -0.1651 -0.242
 -0.2958 -0.317  -0.117  -0.2732 -0.2554 -0.2393 -0.3319 -0.2529 -0.132
 -0.0708 -0.3556 -0.2163 -0.182  -0.0484 -0.2774 -0.2359 -0.2304 -0.2071
 -0.1715 -0.023  -0.0526 -0.0533 -0.2851 -0.1544 -0.1844 -0.2654 -0.1737
 -0.1992 -0.2847 -0.2751 -0.1492 -0.1794 -0.0451 -0.2595 -0.2618 -0.2401
 -0.1962 -0.2741 -0.2478 -0.2476 -0.1311 -0.2299 -0.1643 -0.2039 -0.2403
 -0.1029 -0.0118 -0.2381 -0.2455 -0.2395 -0.0743 -0.112  -0.2282 -0.1062
 -0.1548 -0.2378 -0.1295 -0.2049 -0.1399 -0.2307 -0.206  -0.0492 -0.2296
 -0.1651 -0.0389 -0.2076 -0.171  -0.2052 -0.1548 -0.1836 -0.0583 -0.0896
 -0.2374 -0.0793 -0.1317 -0.1051 -0.1961 -0.1174 -0.1897 -0.0434 -0.1802
 -0.1772 -0.0872 -0.1691 -0.1756 -0.1758 -0.1406 -0.1393 -0.1113 -0.1716
 -0.1571 -0.1393 -0.1465 -0.0075]


free gripper

down:

1
force_sum: [-0.0922, -6.8411, -0.0756]
tourqe_sum: [0.0113, -0.0006, 0.0055]
moving on 1 -z
z= 0.9980000000000007
Joint values for group Arm within requested tolerance! (1 steps)
force_sum: [-0.006, -6.6715, -0.0518]
tourqe_sum: [0.0085, -0.0001, 0.002]
moving on 1 -z
z= 0.9975000000000007
Joint values for group Arm within requested tolerance! (1 steps)
force_sum: [1.9134, 10.903, 17.3383]
tourqe_sum: [0.3188, -0.0049, -0.0321]
moving on 1 -z
z= 0.9970000000000008
Joint values for group Arm within requested tolerance! (1 steps)
force_sum: [0.0502, -6.1065, 0.0493]
tourqe_sum: [0.0027, 0.0002, 0.0]
moving on 1 -z
z= 0.9965000000000008
Joint values for group Arm within requested tolerance! (1 steps)
force_sum: [-0.0152, -5.3075, 0.0069]
tourqe_sum: [-0.0176, -0.0003, 0.0057]
moving on 1 -z
z= 0.9960000000000009
Joint values for group Arm within requested tolerance! (1 steps)
force_sum: [-0.1188, -4.5056, 0.0417]
tourqe_sum: [-0.0326, -0.0011, 0.0119]
moving on 1 -z
z= 0.9955000000000009
Joint values for group Arm within requested tolerance! (1 steps)
force_sum: [0.0116, -4.5413, 0.0454]
tourqe_sum: [-0.0321, -0.0003, 0.0067]
moving on 1 -z
z= 0.995000000000001
Joint values for group Arm within requested tolerance! (1 steps)
force_sum: [-0.3628, -2.9537, 0.0366]
tourqe_sum: [-0.0668, -0.0041, 0.0348]
moving on 1 -z
z= 0.994500000000001
Joint values for group Arm within requested tolerance! (1 steps)
force_sum: [2.2141, 23.2883, 26.7319]
tourqe_sum: [0.4361, 0.0337, -0.0578]

8
force_sum: [-0.3628, -2.9537, 0.0366]
tourqe_sum: [-0.0668, -0.0041, 0.0348]



**min xf= -0.7591 **min yf= -7.4787 **min zf= -0.1033
**max xf= 4.3696 **max yf= 17.9803 **max zf= 23.0286
**min xt= -0.0274 **min yt= -0.0029 **min zt= -0.2712
**max xt= 0.4364 **max yt= 0.1543 **max zt= 0.0535

start scan on -x:


1
Joint values for group Arm within requested tolerance! (1 steps)
force_sum: [1.2875, 28.485, 31.9501]
tourqe_sum: [0.6988, -0.0562, -0.0351]
**min xf= -3.3984 **min yf= -3.4569 **min zf= -0.0609
**max xf= 3.3071 **max yf= 34.2893 **max zf= 38.1913
**min xt= -0.0999 **min yt= -0.066 **min zt= -0.228
**max xt= 0.7558 **max yt= 0.1102 **max zt= 0.0516
x= 0.014999999999999944
moving on w -x
Joint values for group Arm within requested tolerance! (1 steps)
force_sum: [-1.2448, -1.8395, 1.0673]
tourqe_sum: [0.0087, -0.001, 0.0149]
**min xf= -3.3984 **min yf= -3.4569 **min zf= -0.0609
**max xf= 3.3071 **max yf= 34.2893 **max zf= 38.1913
**min xt= -0.0999 **min yt= -0.066 **min zt= -0.228
**max xt= 0.7558 **max yt= 0.1102 **max zt= 0.0516
x= 0.014499999999999943
moving on w -x
Joint values for group Arm within requested tolerance! (1 steps)
force_sum: [-1.007, -2.3517, 0.3924]
tourqe_sum: [-0.0592, -0.0049, 0.0145]
**min xf= -3.3984 **min yf= -3.4569 **min zf= -0.0609
**max xf= 3.3071 **max yf= 34.2893 **max zf= 38.1913
**min xt= -0.0999 **min yt= -0.066 **min zt= -0.228
**max xt= 0.7558 **max yt= 0.1102 **max zt= 0.0516
x= 0.013999999999999943
moving on w -x
Joint values for group Arm within requested tolerance! (1 steps)
force_sum: [-1.1682, -1.9253, 0.9675]
tourqe_sum: [0.001, -0.0017, 0.011]
**min xf= -3.3984 **min yf= -3.4569 **min zf= -0.0609
**max xf= 3.3071 **max yf= 34.2893 **max zf= 38.1913
**min xt= -0.0999 **min yt= -0.066 **min zt= -0.228
**max xt= 0.7558 **max yt= 0.1102 **max zt= 0.0516
x= 0.013499999999999943
moving on w -x
Joint values for group Arm within requested tolerance! (1 steps)
force_sum: [1.6271, 36.7959, 41.0703]
tourqe_sum: [0.8202, 0.0287, -0.2357]
**min xf= -3.3984 **min yf= -3.4569 **min zf= -0.0609
**max xf= 3.3071 **max yf= 36.7959 **max zf= 41.0703
**min xt= -0.0999 **min yt= -0.066 **min zt= -0.2357
**max xt= 0.8202 **max yt= 0.1102 **max zt= 0.0516
x= 0.012999999999999942
moving on w -x
Joint values for group Arm within requested tolerance! (1 steps)
force_sum: [-1.1233, -2.1799, 0.5034]
tourqe_sum: [-0.056, -0.0054, 0.0199]
**min xf= -3.3984 **min yf= -3.4569 **min zf= -0.0609
**max xf= 3.3071 **max yf= 36.7959 **max zf= 41.0703
**min xt= -0.0999 **min yt= -0.066 **min zt= -0.2357
**max xt= 0.8202 **max yt= 0.1102 **max zt= 0.0516
x= 0.012499999999999942
moving on w -x
Joint values for group Arm within requested tolerance! (1 steps)
force_sum: [0.8018, 31.1959, 34.6951]
tourqe_sum: [0.6882, 0.0343, -0.1876]
**min xf= -3.3984 **min yf= -3.4569 **min zf= -0.0609
**max xf= 3.3071 **max yf= 36.7959 **max zf= 41.0703
**min xt= -0.0999 **min yt= -0.066 **min zt= -0.2357
**max xt= 0.8202 **max yt= 0.1102 **max zt= 0.0516
x= 0.011999999999999941
moving on w -x
Joint values for group Arm within requested tolerance! (1 steps)
force_sum: [0.4407, 28.3169, 31.8015]
tourqe_sum: [0.6987, 0.0554, -0.1811]
**min xf= -3.3984 **min yf= -3.4569 **min zf= -0.0609
**max xf= 3.3071 **max yf= 36.7959 **max zf= 41.0703
**min xt= -0.0999 **min yt= -0.066 **min zt= -0.2357
**max xt= 0.8202 **max yt= 0.1102 **max zt= 0.0516
x= 0.01149999999999994
moving on w -x


left:
orce_sum: [12.9066, -3.7741, 5.126]
tourqe_sum: [0.3287, 1.3792, -1.7278]
moving on +x
Joint values for group Arm within requested tolerance! (1 steps)
force_sum: [11.8357, -1.653, 7.3836]
tourqe_sum: [0.4102, 1.3646, -1.6094]
moving on +x
Joint values for group Arm within requested tolerance! (1 steps)
force_sum: [19.0494, -1.2541, 8.4312]
tourqe_sum: [0.5252, 2.0685, -2.5626]
moving on +x
Joint values for group Arm within requested tolerance! (1 steps)
force_sum: [17.5877, 1.2141, 11.0898]
tourqe_sum: [0.6011, 2.0454, -2.4532]
moving on +x
Joint values for group Arm within requested tolerance! (1 steps)
force_sum: [16.2362, -8.8521, 0.0753]
tourqe_sum: [0.0361, 0.2605, -1.5246]
moving on +x
Joint values for group Arm within requested tolerance! (1 steps)
force_sum: [27.3673, 1.3018, 12.3754]
tourqe_sum: [0.7722, 2.8221, -3.5731]
moving on +x
Joint values for group Arm within requested tolerance! (1 steps)
force_sum: [32.4617, 6.2239, 14.1637]
tourqe_sum: [1.4341, 1.4802, -4.4547]
moving on +x
Joint values for group Arm within requested tolerance! (1 steps)
force_sum: [29.5909, 4.7643, 15.3525]
tourqe_sum: [0.9922, 2.8608, -3.8184]
moving on +x
Joint values for group Arm within requested tolerance! (1 steps)
force_sum: [29.4404, -10.2897, 0.7557]
tourqe_sum: [0.1502, 0.3307, -2.9094]
moving on +x



down 

**min xf= 0 **min yf= -10.2786 **min zf= 0
**max xf= 23.4362 **max yf= 0.6011 **max zf= 30.6268
**min xt= -0.1348 **min yt= 0 **min zt= -3.484
**max xt= 4.9988 **max yt= 2.5321 **max zt= 0


**min xf= 0 **min yf= -10.2786 **min zf= 0
**max xf= 23.4362 **max yf= 0.6011 **max zf= 30.6268
**min xt= -0.1348 **min yt= 0 **min zt= -3.484
**max xt= 4.9988 **max yt= 2.5321 **max zt= 0

Joint values for group Arm within requested tolerance! (1 steps)
force_sum: [34.6186, -13.2268, 6.6773]
tourqe_sum: [0.9031, 0.557, -3.354]
**min xf= 0 **min yf= -13.2268 **min zf= -0.2092
**max xf= 50.2632 **max yf= 12.2738 **max zf= 36.4955
**min xt= -0.2738 **min yt= 0 **min zt= -6.6803
**max xt= 4.8483 **max yt= 5.2217 **max zt= 0
z= 0.9360000000000075




ub:

force_sum: [-0.028, -7.4622, -0.0989]
tourqe_sum: [0.024, -0.0001, 0.001]
moving  +z
Joint values for group Arm within requested tolerance! (1 steps)
force_sum: [-0.0151, -8.0861, -0.2607]
tourqe_sum: [0.0257, -0.001, 0.0066]
moving  +z
Joint values for group Arm within requested tolerance! (1 steps)
force_sum: [-0.1438, -11.2747, -2.1033]
tourqe_sum: [-0.0967, -0.0271, 0.0591]


force_sum: [-0.4403, -17.4448, -5.4893]
tourqe_sum: [-0.3042, -0.0764, 0.1675]
moving  +z
Joint values for group Arm within requested tolerance! (1 steps)
force_sum: [-0.5896, -20.5939, -7.3226]
tourqe_sum: [-0.4223, -0.1027, 0.2225]


force_sum: [-0.8824, -24.127, -9.6259]
tourqe_sum: [-0.5902, -0.1419, 0.3031]
moving  +z
Joint values for group Arm within requested tolerance! (1 steps)
force_sum: [-0.9198, -26.9165, -11.0785]
tourqe_sum: [-0.6656, -0.1577, 0.3372]
moving  +z
Joint values for group Arm within requested tolerance! (1 steps)
force_sum: [-1.0415, -29.8886, -12.6497]
tourqe_sum: [-0.7531, -0.1804, 0.3865]
moving  +z
Joint values for group Arm within requested tolerance! (1 steps)
force_sum: [-1.1569, -32.7913, -14.0959]
tourqe_sum: [-0.825, -0.2012, 0.4343]
moving  +z
Joint values for group Arm within requested tolerance! (1 steps)
force_sum: [-1.3051, -35.8654, -15.8764]
tourqe_sum: [-0.9334, -0.2273, 0.4884]
moving  +z
Joint values for group Arm within requested tolerance! (1 steps)
force_sum: [-1.6017, -39.7267, -19.1131]
tourqe_sum: [-1.2039, -0.2756, 0.5709]
moving  +z





scann on +x:


moving on w +x

**min xf= -10.4615 **min yf= -22.4513 **min zf= -8.3931
**min xf= -11.107 **min yf= -23.3 **min zf= -9.1693
**min xf= -11.107 **min yf= -23.3 **min zf= -9.1693

**max xf= 7.6345 **max yf= 0 **max zf= 0.3278
**max xf= 6.6802 **max yf= 0 **max zf= 0.7203
**max xf= 6.6802 **max yf= 0 **max zf= 0.7203

**min xt= -0.4722 **min yt= -0.3231 **min zt= -0.6991
**min xt= -0.5217 **min yt= -0.3315 **min zt= -0.6948
**min xt= -0.5217 **min yt= -0.3315 **min zt= -0.6948


**max xt= 0.2537 **max yt= 0.2412 **max zt= 1.8133
**max xt= 0.2205 **max yt= 0.221 **max zt= 1.89
**max xt= 0.2205 **max yt= 0.221 **max zt= 1.89


**min xf= -11.107 **min yf= -23.3 **min zf= -9.1693
**max xf= 6.6802 **max yf= 0 **max zf= 0.7203
**min xt= -0.5217 **min yt= -0.3315 **min zt= -0.6948
**max xt= 0.2205 **max yt= 0.221 **max zt= 1.89


**min xf= 0 **min yf= -10.1766 **min zf= -0.6525
**max xf= 1.9914 **max yf= 0 **max zf= 0
**min xt= 0 **min yt= 0 **min zt= -0.2349
**max xt= 0.053 **max yt= 0.0705 **max zt= 0


force_sum: -0.0364 , -7.4782 , -0.0923
tourqe_sum: 0.0237 , -0.0001 , 0.0011













push_on_N_z_f_x [ 4.6324 -1.1449  1.8241  1.0388  1.3042  1.3116  1.3266  1.3254  1.3192
  1.322   1.3157  1.3201  1.3268  1.1813  5.328   1.0919  1.0751  6.7488
 -0.2108  2.577 ]
push_on_N_z_f_y [ -6.4664 -10.027   -9.5559 -10.1416 -10.1956 -10.1759 -10.2088 -10.2065
 -10.2152 -10.2161 -10.041  -10.1879 -10.0927  -9.3621  15.0058  -8.3284
  -7.8099  23.7912  -4.3955 -10.2381]
push_on_N_z_f_z [-3.0641  6.2467  6.0005  5.3617  5.3126  5.2939  5.3123  5.3106  5.2946
  5.3083  5.2712  5.3064  5.3156  5.5871 30.1491  5.5512  5.4645 37.8436
  0.0742 10.9869]
push_on_N_z_t_x [ 0.1606  0.7497  0.8002  0.767   0.7674  0.7659  0.7694  0.7694  0.7669
  0.7688  0.7637  0.7696  0.7679  0.7791  1.5778  0.7448  0.7296  1.7365
 -0.0325  1.4718]
push_on_N_z_t_y [-0.0133  0.0053  1.3308  0.0075  0.0121  0.0121  0.0122  0.0122  0.0122
  0.0122  0.0122  0.0122  0.0122  0.0166 -0.095   0.011   0.0098 -0.0446
 -0.0025  0.0233]
push_on_N_z_t_z [ 0.8803 -0.307  -0.5933 -0.1951 -0.2048 -0.204  -0.2052 -0.2051 -0.2044
 -0.2049 -0.2043 -0.2051 -0.2054 -0.2034 -0.3301 -0.19   -0.1816 -0.4218
  0.0281 -0.3968]



on z ++

push_on_N_x_f_x = [, -0.0343, -0.4299, -0.2326, -0.6269, -0.2364, -0.6357, -0.2396, -0.6459, -0.2414, -0.6469, -0.2622, -0.663, -0.2453, -0.6582, -0.2482, -0.6708, -0.2615, -0.6829, -0.2586, -0.6873, -0.2847, -0.6994, -0.264, -0.6821, -0.2738, -0.7099, -0.2728, -0.7129, -0.2748, -0.7158, -0.296, -0.7251, -0.2823, -0.7171, -0.2786, -0.7322, -0.2816, -0.7338, -0.3027, -0.7442, -0.2838, -0.7446, -0.2996, -0.7486, -0.3036, -0.7552, -0.2979, -0.7548, -0.2955, -0.7621, -0.3016, -0.7763, -0.3036, -0.782, -0.3049, -0.7844, -0.3225, -0.8086, -0.3222, -0.8094, -0.3136, -0.7982, -0.3077, -0.7923, -0.3185, -0.8072, -0.3314, -0.8201, -0.3367, -0.8412, -0.3323, -0.8352, -0.3376, -0.8327, -0.3586, -0.8729, -0.341, -0.847, -0.3434, -0.8584, -0.3497, -0.8611, -0.3533, -0.8662, -0.3578, -0.8803, -0.3564, -0.8826, -0.3606, -0.8807, -0.3607, -0.8917, -0.3664, -0.8944, -0.3743, -0.9017, -0.4027, -0.9243, -0.3814, -0.9222, -0.3867, -0.9232, -0.359, -0.8939, -0.3928, -0.9472, -0.4058, -0.9618, -0.4008, -0.9436, -0.3917, -0.949, -0.4163, -0.9668, -0.4141, -0.961, -0.4171, -0.9661, -0.4322, -0.9825, -0.4363, -1.0103, -0.4369, -1.0157, -0.4247, -1.0013, -0.4256, -1.0037, -0.4134, -0.9902, -0.4423, -1.0088, -0.4396, -1.0234, -0.4448, -1.031, -0.4419, -1.0317, -0.4698, -1.0436, -0.4561, -1.052, -0.4624, -1.0618, -0.4858, -1.0656, -0.4658, -1.0688, -0.4754, -1.0666, -0.463, -1.0581, -0.48, -1.0722, -0.4771, -1.0866, -0.4824, -1.0794, -0.5238, -1.1413, -0.4916, -1.107, -0.4807, -1.1005, -0.5232, -1.1475, -0.4805, -1.0985, -0.5259, -1.1314, -0.5176, -1.1398, -0.4939, -1.1087, -0.5294, -1.141, -0.5668, -1.1778, -0.5243, -1.1595, -0.5143, -1.1536, -0.5381, -1.1776, -0.5434, -1.1681, -0.5349, -1.1778, -0.5324, -1.1771, -0.5353, -1.1834, -0.5359, -1.1848, -0.5385, -1.1859, -0.5686, -1.2215, -0.5563, -1.2046, -0.5541, -1.2022, -0.5866, -1.2265, -0.563, -1.2259, -0.5858, -1.2362, -0.579, -1.2261, -0.5767, -1.2459, -0.5838, -1.2483, -0.5828, -1.2521, -0.5697, -1.2424, -0.5904, -1.2533, -0.5849, -1.2599, -0.5981, -1.2767, -4.1394, -3.7214


push_on_N_x_f_y = [, -8.3622, -8.452, -8.0938, -8.0257, -8.0616, -7.9942, -8.0516, -7.982, -8.0592, -7.9908, -8.0382, -7.9823, -8.0595, -7.9924, -8.0516, -7.9778, -8.0392, -7.9725, -8.0412, -7.9703, -8.0255, -7.9714, -8.0444, -7.9878, -8.0247, -7.9588, -8.0258, -7.9576, -8.0287, -7.9608, -8.0219, -7.9681, -8.0274, -7.9701, -8.0334, -7.9608, -8.0345, -7.965, -8.0156, -7.9614, -8.0237, -7.9551, -8.0186, -7.9621, -8.0168, -7.9609, -8.031, -7.9699, -8.0261, -7.9599, -8.0159, -7.9479, -8.0131, -7.9455, -8.0182, -7.9499, -8.0036, -7.9356, -7.9975, -7.9315, -8.0131, -7.949, -8.0204, -7.9571, -8.011, -7.9465, -8.0023, -7.9414, -7.9942, -7.9262, -7.9963, -7.9303, -8.0008, -7.9421, -7.9848, -7.9182, -8.0027, -7.9388, -7.9918, -7.9261, -7.9952, -7.9307, -7.9915, -7.9295, -7.983, -7.9179, -7.9864, -7.9202, -7.985, -7.925, -7.9839, -7.918, -7.9868, -7.9234, -7.9836, -7.9215, -7.9605, -7.9091, -7.9705, -7.9064, -7.9733, -7.9117, -7.9913, -7.932, -7.9666, -7.8999, -7.9605, -7.894, -7.9715, -7.913, -7.9724, -7.9062, -7.9608, -7.9015, -7.9571, -7.903, -7.9561, -7.9024, -7.9473, -7.8952, -7.9527, -7.886, -7.9558, -7.8875, -7.9525, -7.8876, -7.9523, -7.8877, -7.963, -7.8986, -7.9431, -7.8894, -7.9433, -7.8802, -7.9417, -7.8784, -7.9446, -7.8802, -7.93, -7.8782, -7.9326, -7.8687, -7.9348, -7.87, -7.9228, -7.8718, -7.9354, -7.8703, -7.9316, -7.8748, -7.937, -7.8787, -7.9273, -7.8733, -7.9269, -7.8641, -7.9259, -7.8718, -7.9101, -7.8472, -7.9218, -7.8597, -7.9269, -7.8627, -7.9102, -7.8467, -7.9334, -7.8716, -7.9069, -7.8557, -7.9138, -7.8532, -7.9265, -7.8703, -7.9081, -7.8563, -7.894, -7.8444, -7.9049, -7.8425, -7.9145, -7.8503, -7.8983, -7.8364, -7.8984, -7.8454, -7.9007, -7.8385, -7.9024, -7.84, -7.9019, -7.8387, -7.9048, -7.8419, -7.9052, -7.8435, -7.8861, -7.8244, -7.8945, -7.8339, -7.8964, -7.8378, -7.8799, -7.8282, -7.8908, -7.8269, -7.8837, -7.8273, -7.8845, -7.8308, -7.8877, -7.8232, -7.8806, -7.8202, -7.8808, -7.8184, -7.8873, -7.8239, -7.8815, -7.8235, -7.8811, -7.8183, -7.8781, -7.8141, -11.8464, -6.7591


push_on_N_x_f_z = [, 0.5091, 0.0291, 0.0857, -0.4977, 0.0455, -0.5373, 0.0331, -0.5503, 0.0425, -0.5376, 0.0131, -0.5472, 0.0392, -0.5334, 0.0296, -0.5499, 0.0113, -0.5559, 0.0136, -0.5568, -0.0055, -0.5518, 0.0175, -0.5305, -0.0081, -0.5642, -0.0055, -0.5629, -0.0028, -0.5577, -0.0124, -0.5465, -0.0052, -0.5421, 0.002, -0.5515, 0.0034, -0.5439, -0.0204, -0.5455, -0.0124, -0.553, -0.0176, -0.5408, -0.0213, -0.5408, -0.0045, -0.5282, -0.0106, -0.5381, -0.0217, -0.5486, -0.0272, -0.5501, -0.0202, -0.542, -0.0394, -0.5566, -0.0431, -0.556, -0.0279, -0.5358, -0.0204, -0.5246, -0.0286, -0.5324, -0.0366, -0.5334, -0.0496, -0.55, -0.0458, -0.5421, -0.0403, -0.5254, -0.0663, -0.5541, -0.039, -0.5242, -0.0527, -0.5359, -0.0461, -0.5269, -0.0508, -0.525, -0.0601, -0.5341, -0.0571, -0.5295, -0.0589, -0.5214, -0.0588, -0.525, -0.054, -0.515, -0.0559, -0.513, -0.0803, -0.521, -0.0708, -0.5224, -0.0665, -0.5134, -0.0541, -0.495, -0.0767, -0.5197, -0.0796, -0.52, -0.067, -0.4972, -0.0669, -0.5018, -0.0758, -0.4998, -0.0808, -0.4965, -0.0812, -0.4933, -0.0886, -0.4953, -0.0839, -0.5008, -0.082, -0.4963, -0.0823, -0.4916, -0.0826, -0.4883, -0.0729, -0.4761, -0.0891, -0.4779, -0.0878, -0.4819, -0.0889, -0.4796, -0.086, -0.4744, -0.0962, -0.4693, -0.0941, -0.4746, -0.0921, -0.4691, -0.0987, -0.4607, -0.0888, -0.4598, -0.0897, -0.4504, -0.0869, -0.4456, -0.0942, -0.4449, -0.0934, -0.4477, -0.0937, -0.4373, -0.1066, -0.4506, -0.0937, -0.4361, -0.0906, -0.4317, -0.1012, -0.4353, -0.0838, -0.4156, -0.0987, -0.4178, -0.0919, -0.4149, -0.0874, -0.4038, -0.0957, -0.4042, -0.1018, -0.4044, -0.0954, -0.4046, -0.0886, -0.3949, -0.0976, -0.3979, -0.0969, -0.3874, -0.0945, -0.3877, -0.0929, -0.3825, -0.0916, -0.3777, -0.0883, -0.3702, -0.0858, -0.3635, -0.0949, -0.3671, -0.0882, -0.3585, -0.0877, -0.3512, -0.0943, -0.3484, -0.0869, -0.3452, -0.0873, -0.3371, -0.0891, -0.3331, -0.0839, -0.3298, -0.0873, -0.3265, -0.0864, -0.323, -0.0844, -0.3172, -0.0813, -0.3078, -0.082, -0.3062, -0.0788, -0.2994, -2.9389, -0.5551



push_on_N_x_t_x = [, 0.1439, 0.1941, 0.175, 0.1693, 0.175, 0.1664, 0.1746, 0.1649, 0.1735, 0.1646, 0.1693, 0.1626, 0.1713, 0.1628, 0.1721, 0.1614, 0.1693, 0.1599, 0.1694, 0.1591, 0.1642, 0.1577, 0.1645, 0.1585, 0.1653, 0.1558, 0.165, 0.155, 0.1639, 0.1543, 0.1597, 0.1534, 0.1594, 0.1528, 0.1626, 0.152, 0.1609, 0.1513, 0.1561, 0.1497, 0.1585, 0.149, 0.1547, 0.1482, 0.1538, 0.1472, 0.1543, 0.1471, 0.1544, 0.146, 0.1539, 0.1446, 0.1528, 0.1436, 0.1522, 0.1431, 0.1512, 0.1415, 0.1498, 0.1404, 0.1486, 0.1405, 0.1476, 0.1401, 0.1468, 0.1388, 0.1453, 0.1377, 0.1458, 0.1363, 0.1444, 0.1357, 0.1419, 0.1353, 0.1427, 0.1333, 0.1415, 0.1338, 0.1408, 0.1324, 0.14, 0.1319, 0.1385, 0.1309, 0.138, 0.1297, 0.1375, 0.129, 0.1352, 0.1283, 0.1357, 0.1275, 0.1344, 0.127, 0.1334, 0.126, 0.1301, 0.1243, 0.1319, 0.1239, 0.1306, 0.1233, 0.1292, 0.1234, 0.1298, 0.1214, 0.1291, 0.1204, 0.1267, 0.1205, 0.1274, 0.1196, 0.1252, 0.1185, 0.1231, 0.1177, 0.1223, 0.1169, 0.1211, 0.1158, 0.1233, 0.1151, 0.1227, 0.1145, 0.1212, 0.1138, 0.1203, 0.1131, 0.1196, 0.1129, 0.1166, 0.1115, 0.1176, 0.1107, 0.1168, 0.1099, 0.1162, 0.1093, 0.1131, 0.1082, 0.1145, 0.1075, 0.1139, 0.1069, 0.1107, 0.106, 0.1125, 0.1057, 0.1103, 0.105, 0.1097, 0.1045, 0.1081, 0.1035, 0.1088, 0.1027, 0.1065, 0.1022, 0.1072, 0.1007, 0.1064, 0.1007, 0.106, 0.1001, 0.105, 0.0989, 0.1042, 0.0992, 0.1017, 0.0978, 0.1026, 0.0973, 0.1011, 0.0971, 0.0997, 0.096, 0.0987, 0.0949, 0.0998, 0.0945, 0.0994, 0.0943, 0.0982, 0.0931, 0.0961, 0.0926, 0.0968, 0.092, 0.0961, 0.0914, 0.0955, 0.0908, 0.0948, 0.0904, 0.094, 0.0899, 0.0932, 0.0887, 0.0926, 0.0884, 0.0914, 0.0879, 0.0898, 0.0869, 0.0908, 0.0866, 0.0892, 0.086, 0.088, 0.0854, 0.0888, 0.0848, 0.0875, 0.0841, 0.0871, 0.0835, 0.0865, 0.0831, 0.0854, 0.0826, 0.0852, 0.082, 0.0847, 0.0814, -0.2362, 0.0516
push_on_N_x_t_y = [, -0.0005, -0.1639, -0.1636, -0.1725, -0.1635, -0.1725, -0.1636, -0.1726, -0.1636, -0.1726, -0.1635, -0.1726, -0.1635, -0.1725, -0.1637, -0.1726, -0.1636, -0.1726, -0.1637, -0.1726, -0.1635, -0.1726, -0.1634, -0.1726, -0.1637, -0.1727, -0.1637, -0.1727, -0.1636, -0.1727, -0.1635, -0.1727, -0.1634, -0.1727, -0.1637, -0.1727, -0.1637, -0.1727, -0.1635, -0.1727, -0.1636, -0.1727, -0.1635, -0.1727, -0.1634, -0.1727, -0.1635, -0.1727, -0.1635, -0.1728, -0.1636, -0.1728, -0.1636, -0.1728, -0.1636, -0.1728, -0.1638, -0.1729, -0.1637, -0.1729, -0.1635, -0.1728, -0.1634, -0.1728, -0.1636, -0.1729, -0.1636, -0.1729, -0.1638, -0.173, -0.1636, -0.173, -0.1635, -0.1729, -0.1639, -0.1731, -0.1636, -0.173, -0.1636, -0.173, -0.1636, -0.173, -0.1636, -0.173, -0.1637, -0.1731, -0.1636, -0.1731, -0.1636, -0.1731, -0.1636, -0.1731, -0.1636, -0.1731, -0.1637, -0.1731, -0.1637, -0.1732, -0.1637, -0.1733, -0.1637, -0.1733, -0.1635, -0.1731, -0.1639, -0.1733, -0.164, -0.1734, -0.1637, -0.1733, -0.1637, -0.1733, -0.1639, -0.1734, -0.1637, -0.1734, -0.1637, -0.1734, -0.1637, -0.1734, -0.1641, -0.1736, -0.164, -0.1736, -0.1639, -0.1735, -0.1639, -0.1736, -0.1638, -0.1735, -0.1638, -0.1736, -0.1639, -0.1736, -0.1639, -0.1737, -0.1639, -0.1737, -0.1639, -0.1737, -0.1641, -0.1737, -0.1641, -0.1738, -0.164, -0.1738, -0.1641, -0.1738, -0.164, -0.1738, -0.1639, -0.1738, -0.1639, -0.1738, -0.1641, -0.1739, -0.164, -0.1739, -0.1645, -0.1741, -0.1641, -0.174, -0.1641, -0.174, -0.1644, -0.1742, -0.164, -0.174, -0.1641, -0.1741, -0.1643, -0.1741, -0.164, -0.174, -0.1641, -0.1741, -0.1643, -0.1743, -0.1643, -0.1743, -0.1642, -0.1742, -0.1644, -0.1743, -0.1643, -0.1743, -0.1643, -0.1744, -0.1643, -0.1744, -0.1643, -0.1744, -0.1643, -0.1744, -0.1643, -0.1744, -0.1646, -0.1746, -0.1644, -0.1745, -0.1644, -0.1745, -0.1644, -0.1746, -0.1645, -0.1746, -0.1646, -0.1747, -0.1644, -0.1746, -0.1646, -0.1747, -0.1646, -0.1747, -0.1646, -0.1748, -0.1645, -0.1747, -0.1646, -0.1748, -0.1646, -0.1748, -0.1648, -0.1749, -0.397, -0.2089
push_on_N_x_t_z = [, -0.0298, 0.0077, 0.0054, 0.0198, 0.0052, 0.0199, 0.0046, 0.0199, 0.0047, 0.0196, 0.006, 0.0201, 0.0039, 0.0192, 0.0029, 0.0192, 0.0035, 0.0194, 0.0026, 0.0192, 0.0053, 0.0197, 0.0043, 0.0185, 0.0024, 0.0191, 0.0021, 0.0188, 0.0021, 0.0186, 0.0043, 0.019, 0.0035, 0.0183, 0.0008, 0.0182, 0.0012, 0.018, 0.0035, 0.0185, 0.0006, 0.0178, 0.0028, 0.018, 0.0026, 0.018, 0.0018, 0.0175, 0.0007, 0.0174, 0.0, 0.0176, -0.0002, 0.0175, -0.0002, 0.0173, -0.0006, 0.0179, -0.0004, 0.0178, -0.0002, 0.0172, -0.0002, 0.0168, -0.0, 0.0171, 0.0004, 0.0174, -0.0015, 0.0177, -0.001, 0.0173, 0.0004, 0.0172, -0.0018, 0.0181, -0.0007, 0.0172, -0.0016, 0.0173, -0.0007, 0.0173, -0.0006, 0.0174, -0.0014, 0.0176, -0.0018, 0.0174, -0.0005, 0.0174, -0.0018, 0.0174, -0.0011, 0.0174, -0.0006, 0.0176, 0.0013, 0.0186, -0.0016, 0.0179, -0.0006, 0.018, -0.0007, 0.0168, -0.0026, 0.0182, -0.0023, 0.0187, -0.0002, 0.0182, -0.0021, 0.018, -0.0004, 0.0188, 0.0006, 0.0186, 0.0006, 0.0187, 0.001, 0.0192, -0.0023, 0.0195, -0.0028, 0.0195, -0.002, 0.0191, -0.0019, 0.0191, -0.0016, 0.0185, 0.0009, 0.0195, -0.0014, 0.0196, -0.0013, 0.0198, -0.0016, 0.0197, 0.0016, 0.0206, -0.0015, 0.0203, -0.0017, 0.0205, 0.0021, 0.0212, -0.0015, 0.0207, 0.0008, 0.0209, 0.0005, 0.0205, 0.0016, 0.0211, -0.0007, 0.0212, 0.0017, 0.0213, -0.0005, 0.0231, -0.0003, 0.0219, -0.0007, 0.0216, -0.0004, 0.0232, 0.0001, 0.0215, 0.0033, 0.0232, 0.0009, 0.0231, 0.002, 0.0221, 0.0035, 0.0235, 0.0046, 0.0249, 0.0008, 0.0237, 0.0003, 0.0234, 0.0011, 0.0244, 0.0039, 0.0245, 0.0014, 0.0244, 0.0014, 0.0244, 0.0013, 0.0246, 0.0015, 0.0247, 0.0021, 0.0248, 0.0023, 0.0262, 0.0033, 0.0257, 0.0036, 0.0257, 0.0057, 0.0269, 0.0021, 0.0264, 0.0048, 0.0272, 0.0057, 0.027, 0.0025, 0.0272, 0.0039, 0.0276, 0.0036, 0.0277, 0.0032, 0.0273, 0.0053, 0.0281, 0.0038, 0.0282, 0.0038, 0.0288, 0.7253, 0.3314



force_sum: -42.3788 , -28.6244 , -25.5572
tourqe_sum: -3.4424 , -1.9372 , 7.0565


force_sum: -26.0234 , -25.7527 , -13.2584
tourqe_sum: -1.4742 , -1.212 , 4.3885

force_sum: -36.3885 , -29.2637 , -16.1892
tourqe_sum: -1.7851 , -1.59 , 5.9753


force_sum: -25.8218 , -25.9416 , -12.7758
tourqe_sum: -1.3932 , -1.1978 , 4.3442

x= 0.28849999999999987
z= 0.9834999999999975

x= 0.28849999999999987
z= 0.9839999999999974

Joint values for group Arm within requested tolerance! (1 steps)
force_sum: -35.0458 , -28.8598 , -15.4191
tourqe_sum: -1.6841 , -1.5313 , 5.7505

force_sum: -35.0393 , -31.4343 , -15.185
tourqe_sum: -1.5625 , -1.5843 , 5.9115

force_sum: -36.6333 , -30.5516 , -15.2187
tourqe_sum: -1.5833 , -1.5977 , 6.0307


force_sum: -30.3105 , -28.6358 , -6.1961
tourqe_sum: -0.072 , -1.2507 , 4.925

force_sum: -34.3527 , -28.3039 , -21.232
tourqe_sum: -2.7912 , -1.6447 , 5.8656

force_sum: -35.3636 , -29.523 , -15.0519
tourqe_sum: -1.5995 , -1.5405 , 5.7998

force_sum: -33.0785 , -30.7651 , -13.8843
tourqe_sum: -1.3658 , -1.4952 , 5.5965


force_sum: -35.0208 , -29.4544 , -14.7112
tourqe_sum: -1.5501 , -1.5234 , 5.7397

force_sum: -22.6287 , -28.2215 , -4.6625
tourqe_sum: 0.1886 , -1.0005 , 3.944

Failed to find IK solution.
force_sum: -30.6042 , -26.7577 , -6.5719
tourqe_sum: -0.2063 , -1.2358 , 4.8709

force_sum: -53.6761 , -32.8472 , -40.2816
tourqe_sum: -5.9204 , -2.6283 , 9.2558


force_sum: -31.6365 , -29.1194 , -5.9515
tourqe_sum: -0.0203 , -1.2797 , 5.0616

Joint values for group Arm within requested tolerance! (1 steps)
force_sum: -41.3339 , -30.4394 , -22.6982
tourqe_sum: -2.9277 , -1.8783 , 6.877

